39.8793888889 -75.5968030531 -0.390434173507
36.8710555556 -81.3316003504 0.00697209114317
38.4793888889 -81.0031468969 0.532089891429
42.0877222222 -73.402733984 0.00114836478996
34.2460555556 -77.9550988488 -0.239328202204
40.5293888889 -81.3316003504 0.615489891606
39.3210555556 -81.1542354855 -0.863124554852
34.3293888889 -80.6878315816 -0.530382657578
36.6877222222 -80.3593781281 -0.807415428955
37.2127222222 -82.5862925425 0.40524012576
36.5460555556 -79.3871559059 -2.03200869986
42.6960555556 -76.3128315816 -0.157671084956
33.4627222222 -80.4316378879 -0.996688660223
34.7377222222 -79.1966529029 -0.480132167233
35.1793888889 -81.9096784284 -0.0132676465239
34.8710555556 -80.2345658158 -1.37233940247
38.4960555556 -80.6681243744 -2.01377795411
42.7710555556 -75.0909847347 0.595123023289
39.2377222222 -74.7428240741 -0.960933135628
42.7627222222 -77.1273961461 -0.788889854238
33.2460555556 -79.8075763263 -0.15467495451
42.5293888889 -81.1148210711 0.0624748632205
41.5543888889 -80.5170357858 0.711228764569
42.6043888889 -78.0799111612 0.953818236927
38.6043888889 -83.0001438939 0.998671902639
40.0127222222 -79.019288038 -1.120731136
42.4710555556 -81.0491303804 0.520384120455
40.1710555556 -84.0774712212 3.14935808914
38.1627222222 -80.5892955455 -2.01065242752
34.1627222222 -79.5645207708 0.0154083926228
40.3210555556 -75.0581393894 -0.776802909177
40.5460555556 -80.0309246747 0.0511128991432
41.4460555556 -79.7878691191 0.737359537488
38.6627222222 -80.7338150651 -2.02386199642
37.3043888889 -82.1987174675 -0.849393928884
36.7877222222 -84.5044607107 -0.217477529887
43.1043888889 -80.825782032 0.31316790459
42.8293888889 -74.3880943443 0.601347013665
35.1960555556 -80.2608420921 0.045281795664
42.6127222222 -83.6307745245 0.520754781889
36.8293888889 -80.8454892392 -0.289105021029
39.8877222222 -74.0399336837 -0.480626649608
39.9627222222 -83.8541228729 0.175114525948
35.0793888889 -79.3805868368 0.481529853829
36.3543888889 -79.2229291792 -0.351355088967
37.9043888889 -75.1632444945 -0.333630708553
38.4127222222 -82.3498060561 -0.0804068798638
41.5377222222 -81.9556619119 0.71993422973
41.3210555556 -79.5513826326 0.738215338061
41.0293888889 -81.7060372873 -0.892784651096
41.5210555556 -80.2608420921 0.715869023857
36.3710555556 -77.0288601101 -0.263553224319
35.6043888889 -82.8030718218 -0.574616752377
39.1793888889 -81.2396333834 -1.54390190424
35.6293888889 -75.7150462963 0.740302708485
41.1793888889 -77.1536724224 0.280614905354
42.8877222222 -74.6508571071 0.651670840019
37.7960555556 -73.7246183684 2.11720840291
37.7960555556 -75.4128691191 -0.490939497842
38.3877222222 -77.6069381882 -0.0933284653938
32.9043888889 -76.8186498999 0.271584367893
39.8543888889 -76.8974787287 -1.10897312971
40.1960555556 -83.4731168669 0.672032952288
41.0793888889 -80.2345658158 0.0711398946623
35.7127222222 -74.7822384885 1.81350182818
41.7543888889 -78.638282032 0.446628380597
38.7877222222 -75.1238300801 -0.257962802057
36.3793888889 -77.2653465966 -0.231260014357
37.9377222222 -79.4134321822 -0.818267519417
39.2710555556 -74.7034096597 -0.33266587202
42.3877222222 -80.5564502002 0.779627198969
40.4210555556 -75.9581018519 -0.0336544215823
41.3460555556 -80.7797985485 -0.797548543738
40.1210555556 -73.9939502002 -0.489021486274
37.2543888889 -80.1885823323 -2.10975933598
32.8877222222 -83.9920733233 0.0616973462978
37.0127222222 -76.5493180681 -0.206082647221
40.1377222222 -73.2516453954 0.919867930522
33.0710555556 -82.9738676176 1.98611594288
39.3210555556 -77.6135072573 -0.745231780196
41.7877222222 -82.4089276777 0.22342985375
37.5377222222 -82.7373811311 -0.691485542203
42.9877222222 -74.1975913413 0.586065759498
43.0293888889 -79.9783721221 0.861157495195
41.9960555556 -75.3209021522 -0.926062964277
35.6377222222 -77.7317505005 -0.383864133249
39.7460555556 -79.4068631131 -1.73765361896
41.2460555556 -74.8150838338 -0.162578357721
39.9793888889 -80.9571634134 -0.127657828242
34.2377222222 -77.5806619119 -0.268874316262
38.0793888889 -81.009715966 -0.674079003958
37.5460555556 -73.1728165666 2.3925726477
42.3293888889 -80.1820132633 0.796378626
41.2877222222 -74.5785973473 0.737196546286
34.5210555556 -73.4618556056 0.834829065287
37.4460555556 -79.3805868368 -1.61394807745
39.5877222222 -83.1446634134 2.42203145006
35.9960555556 -76.6806994494 0.527708789298
35.3210555556 -84.0380568068 -0.128573864542
40.5543888889 -83.6636198699 0.586625993996
35.4793888889 -83.8015703203 1.410813827
36.8710555556 -78.920752002 0.157898587901
40.9793888889 -83.6504817317 1.05859567903
37.5460555556 -78.2441378879 -1.2056033634
42.6043888889 -84.4716153654 0.135881153462
34.0543888889 -84.43877002 1.71320559961
37.5210555556 -75.3931619119 -0.148013090378
39.3793888889 -83.0921108609 1.17939856652
41.2627222222 -79.3543105606 0.742176388132
37.5127222222 -79.8798360861 -1.7456615135
36.4793888889 -77.7843030531 0.283353360736
42.7293888889 -78.0799111612 0.639079094969
35.5543888889 -83.9329517017 1.51122042371
42.0960555556 -76.4770583083 -1.06633624869
40.5543888889 -81.5615177678 -0.335172724668
33.4043888889 -78.1324637137 0.10681826155
39.1543888889 -80.155736987 -1.87521704651
34.9043888889 -77.0617054555 -0.0654346423639
32.6543888889 -83.8541228729 -1.2887119432
38.8293888889 -76.450782032 -0.594165019449
35.5627222222 -82.7899336837 -0.998162191318
41.1043888889 -79.1375312813 0.740878069477
39.8960555556 -78.2901213714 -1.28123796258
35.4293888889 -81.8242805305 0.0870800045337
36.9460555556 -82.5534471972 0.679565471382
40.8210555556 -77.403297047 -0.942999589946
42.8127222222 -80.8323511011 0.465947101606
38.4960555556 -74.4209396897 -0.218496911009
35.1543888889 -75.2617805305 0.484088929568
34.9210555556 -83.3548736236 -0.503484240871
42.8377222222 -79.2426363864 0.685109616792
36.7043888889 -76.733252002 -0.16796993884
36.0627222222 -76.9828766266 -0.04830134284
34.5960555556 -80.8586273774 -1.39161839235
35.7127222222 -74.2961273774 1.37633035027
42.0877222222 -82.8753315816 0.742916205889
34.1043888889 -80.1228916416 -1.55683747263
38.0877222222 -77.8237174675 0.0496245280466
33.8793888889 -76.4639201702 -0.263862633284
36.3627222222 -76.4639201702 -0.142427705749
42.4210555556 -74.0596408909 0.548455695943
40.8960555556 -77.212794044 -0.82200553141
34.5793888889 -76.9894456957 -0.0625414988551
39.9377222222 -78.7959396897 -1.19470997409
33.5793888889 -80.819212963 -0.655762592593
36.1793888889 -73.7049111612 1.78029486527
37.6627222222 -79.019288038 -1.2967589389
39.0960555556 -79.1966529029 -1.57885236058
34.3793888889 -83.7227414915 -1.63708546292
42.8627222222 -79.7681619119 0.851634756299
41.1043888889 -75.879273023 -1.06203884483
35.8043888889 -83.4139952452 2.02046075795
41.3127222222 -78.5594532032 -0.951149977457
41.2210555556 -82.5797234735 -0.0268632508707
36.5377222222 -81.5418105606 0.59595049206
38.4877222222 -82.1461649149 -0.208503612991
35.2210555556 -84.4847535035 -1.11458161934
35.0043888889 -75.8858420921 0.596359242226
42.9293888889 -83.0658345846 -0.853904601697
42.0377222222 -73.3173360861 -0.334526354802
41.5377222222 -82.0541979479 0.859147109499
35.1877222222 -77.5346784284 0.0168653360704
40.1627222222 -74.5129066567 0.774422568267
35.5543888889 -73.6589276777 1.52408421521
33.2377222222 -82.1001814314 0.0416515872685
41.4460555556 -81.9293856356 -0.170212729351
40.5377222222 -84.4190628128 -0.163826376732
37.7793888889 -82.4154967467 -0.48823654921
41.6377222222 -80.1360297798 0.726228841489
42.7543888889 -83.387718969 0.155784910373
40.5960555556 -75.6296483984 -0.868843224738
42.4710555556 -80.1228916416 0.807405337119
33.0293888889 -75.3471784284 -0.722394190512
40.2543888889 -75.8201514014 -0.497894285132
33.3543888889 -84.4190628128 0.110902775921
38.7877222222 -84.4519081582 2.59398347361
37.1127222222 -81.6140703203 0.668026033017
40.4460555556 -76.3982294795 -0.623222883189
42.3710555556 -83.4731168669 0.481832057103
36.1710555556 -82.3695132633 -0.919927902511
36.1793888889 -75.9975162663 0.549360789729
39.2627222222 -74.828221972 -0.0778379748025
33.2877222222 -74.7756694194 -0.715786930846
33.3793888889 -74.4078015516 -0.290527075373
41.7210555556 -80.2739802302 0.737635905107
37.4710555556 -79.2557745245 -1.47461100421
33.3627222222 -76.7004066567 -0.0736605309295
41.7627222222 -73.2385072573 0.218648611923
37.2043888889 -79.774730981 0.178618595482
35.7210555556 -81.1345282783 -0.333573263476
39.4043888889 -83.8738300801 3.01476652666
41.8293888889 -82.2775462963 -0.420982936595
41.8043888889 -73.6260823323 0.549515630207
40.3877222222 -76.0566378879 0.107976335536
35.0127222222 -77.9485297798 0.241714600812
35.3877222222 -73.5603916416 1.34201578218
36.2127222222 -80.5695883383 -1.16786123189
34.5543888889 -81.9031093594 -0.412988476762
39.2877222222 -74.8807745245 0.0568704849921
38.8877222222 -74.1778841341 -0.349213431546
35.2960555556 -80.8126438939 -0.982897771975
34.4877222222 -75.0844156657 1.29645770886
39.0377222222 -78.4346408909 -0.373947685044
35.6377222222 -79.1309622122 -0.170324860041
41.4960555556 -80.9243180681 0.477904955227
35.8043888889 -82.8359171672 -0.954758104909
40.1627222222 -78.5134697197 -0.96621084476
37.2543888889 -78.6251438939 0.134196574859
40.5460555556 -82.8556243744 -0.777724840717
39.8960555556 -73.6523586086 0.0392455303201
39.5627222222 -75.5573886386 0.243114588337
37.4627222222 -76.4179366867 -0.329260376639
40.5793888889 -79.1375312813 -0.960777823382
36.7293888889 -78.1258946446 0.383018816493
38.0793888889 -78.3820883383 -1.14715561736
36.5460555556 -75.3340402903 -0.104590975094
35.5043888889 -82.9870057558 -0.0273082805042
40.8043888889 -73.1728165666 0.658235318335
39.8877222222 -73.2976288789 0.408523935561
37.7460555556 -73.6983420921 2.27608683143
41.9377222222 -80.6615553053 0.690033361693
36.8377222222 -79.6170733233 -0.309386187034
39.8460555556 -76.1814502002 -0.172636075844
38.7460555556 -81.5943631131 -0.133289233067
41.8710555556 -82.724242993 -0.0277167376749
39.5377222222 -74.7231168669 -0.161886474273
34.4627222222 -73.8362925425 1.52682910516
38.8960555556 -75.8201514014 -0.0630942046084
41.2293888889 -81.4958270771 0.124059199782
42.7293888889 -83.7950012513 1.64895451373
35.4627222222 -77.0288601101 0.193632158519
40.7710555556 -78.1390327828 -0.772994056398
38.6293888889 -79.1375312813 -0.852562412786
35.9377222222 -84.340233984 -1.14665042957
39.1377222222 -79.7418856356 -1.76784706113
36.1460555556 -79.1441003504 0.0444636330961
33.6460555556 -75.5179742242 -0.636745073101
42.6877222222 -77.7186123624 -0.35073421305
42.7293888889 -81.3381694194 -1.1821964883
36.5460555556 -82.9016078579 1.08874415821
42.9793888889 -81.4629817317 -1.61911526839
41.5543888889 -79.9192505005 0.645761052358
42.9293888889 -80.057200951 0.823266583564
41.9793888889 -82.0936123624 -0.826106329712
40.2710555556 -78.1258946446 -0.850541600101
33.3543888889 -73.6786348849 0.306689679376
42.4543888889 -79.873267017 0.820713181714
33.1210555556 -77.7383195696 0.0784837137844
43.0627222222 -75.4522835335 -0.193058499795
35.7960555556 -75.2223661161 -0.352329276959
36.2960555556 -82.8030718218 1.97576328973
40.9627222222 -79.0915477978 -0.661484773754
34.0460555556 -74.2107294795 0.20596518744
38.2043888889 -81.0622685185 -1.3033839647
40.4710555556 -80.0703390891 0.0607699737142
43.1710555556 -79.2360673173 0.816060869787
42.0377222222 -76.1880192693 -0.95201379691
33.0960555556 -81.016285035 -0.432048257095
41.7293888889 -82.7965027528 0.577767629293
33.0877222222 -76.7858045546 -0.00442710269544
40.0543888889 -81.2199261762 -0.474801050348
34.2043888889 -76.4376438939 -0.110526382652
42.3043888889 -73.8494306807 0.62393649936
36.5543888889 -80.3659471972 -0.18188398777
41.5043888889 -73.2844907407 -0.275633620641
41.2127222222 -82.8950387888 1.5149459862
36.5377222222 -80.1754441942 -0.254796856215
38.6710555556 -84.1365928428 2.26508565824
34.6043888889 -83.5125312813 -0.50264144018
41.0293888889 -76.4901964464 -0.61731330815
39.0793888889 -81.4235673173 -1.62247297971
38.4960555556 -84.0183495996 1.56165428168
40.3043888889 -83.8606919419 3.11518795536
38.8043888889 -82.25127002 -0.0623401299477
42.4377222222 -75.3931619119 -0.403321321295
37.7710555556 -75.590233984 -0.00254224235416
36.3293888889 -75.018724975 -0.512003274567
33.8377222222 -82.8096408909 1.62522191982
36.3877222222 -79.7090402903 0.223729621559
41.6460555556 -80.6090027528 0.71597318289
41.6127222222 -84.5898586086 0.0629875826638
41.7710555556 -78.539745996 0.808077462641
40.4543888889 -73.6654967467 0.936471612898
39.6627222222 -78.4215027528 -0.36304467721
40.7960555556 -77.1536724224 -1.12974518158
37.7543888889 -78.6974036537 -1.06355865967
38.4127222222 -77.8105793293 -0.816344475606
35.5293888889 -81.7126063564 -0.154082502563
36.7877222222 -82.5600162663 0.367726551164
36.1460555556 -80.4053616116 -1.12283725647
40.4210555556 -78.3426739239 -0.941839733538
35.8377222222 -77.9222535035 -0.18610832889
36.9293888889 -81.3841529029 0.023998731263
38.0543888889 -74.3289727227 -0.487775336626
33.2960555556 -80.0900462963 -1.14340917016
34.2877222222 -82.4746183684 0.763970568133
42.3543888889 -78.7368180681 0.861166198227
38.9877222222 -77.7580267768 -0.728722848908
34.1127222222 -73.7706018519 1.62991185567
37.2627222222 -79.9849411912 0.180870951045
39.7210555556 -82.5008946446 -1.39925957212
33.4793888889 -80.2082895395 -0.672094148331
39.8210555556 -80.7469532032 -0.52783817851
37.6460555556 -75.6756318819 0.0174385718883
34.5793888889 -77.8565628128 0.164045043
33.8043888889 -75.9449637137 -0.373320254586
40.7710555556 -82.4549111612 -0.200491642584
37.6127222222 -74.1910222723 1.1280794254
33.9293888889 -81.1345282783 -0.38693561364
41.6627222222 -77.015721972 -1.18644423404
37.1127222222 -75.1041228729 -0.150277412337
40.5877222222 -78.3623811311 -0.815573723549
33.8877222222 -76.9763075576 -0.111504431748
42.5127222222 -82.3695132633 0.0131178726671
35.8293888889 -76.0829141642 0.314133341732
37.4210555556 -79.6696258759 -1.94334727116
39.6127222222 -73.7771709209 -0.272063531537
38.6543888889 -81.2133571071 0.0638978528812
36.9877222222 -73.7114802302 2.57553507127
39.4710555556 -75.4916979479 -0.478597570091
39.0627222222 -80.7535222723 -1.48233662221
37.8127222222 -78.920752002 -1.27565445203
37.1627222222 -77.6726288789 0.151939320086
39.9043888889 -81.9556619119 -1.03718152728
34.1127222222 -82.7045357858 -0.431042863485
39.0960555556 -75.3931619119 0.279455250655
36.0877222222 -81.7454517017 -0.343197981938
33.3210555556 -83.2431994494 1.18824894975
33.9960555556 -81.7191754254 -0.552504402364
41.0543888889 -82.3103916416 0.195430460021
41.9210555556 -75.8267204705 -0.714967285121
37.5543888889 -82.822779029 2.22963953587
34.4627222222 -79.5579517017 -0.502355980992
41.6877222222 -82.9738676176 1.73335778798
35.9710555556 -81.1936498999 -0.367835316798
39.8710555556 -82.2315628128 -0.508805301192
33.4877222222 -82.060767017 -0.678643270602
35.2960555556 -74.1384697197 1.24959924456
42.9793888889 -76.1354667167 -0.624498794232
37.9877222222 -84.3599411912 1.59433281111
34.5293888889 -73.1990928428 1.36530222911
33.7043888889 -84.1628691191 -0.482327590831
35.3793888889 -83.2629066567 0.00195936985762
39.1210555556 -74.4078015516 -0.204964271099
34.5627222222 -75.0318631131 1.08715060332
36.5960555556 -84.5635823323 -0.624813038642
40.8460555556 -80.9637324825 0.850263643576
41.6543888889 -81.0294231732 0.576539812878
41.1460555556 -80.2805492993 -0.964475208806
41.6877222222 -76.5887324825 -1.09838742854
36.0377222222 -79.1441003504 0.249551522573
36.2960555556 -84.3008195696 -0.857752635069
33.9127222222 -77.9945132633 -0.562092331695
35.6960555556 -78.7236799299 0.256128054288
40.2793888889 -79.8535598098 -1.05564184026
36.1960555556 -76.069776026 0.284282084331
42.9127222222 -77.4164351852 -0.180191158546
41.1127222222 -80.1754441942 0.485647662047
40.6293888889 -78.2966904404 0.440194263684
38.3793888889 -82.0739051552 -0.0605042678556
37.3877222222 -83.676758008 2.20112715061
37.3293888889 -74.0465027528 2.14620463342
39.4377222222 -84.0117805305 1.79972854178
36.1877222222 -75.780736987 0.523652705325
33.3293888889 -84.2088526026 0.997947086992
42.5793888889 -76.6478541041 0.0349923904705
32.9793888889 -82.724242993 2.60806345383
36.1210555556 -77.3704517017 0.118019658526
42.8960555556 -74.9136198699 0.597758221006
35.3210555556 -74.8544982482 1.24596749994
41.7627222222 -79.7681619119 0.76608220275
41.5793888889 -76.7201138639 -1.19608999431
37.3127222222 -73.2779216717 2.34021803082
40.4543888889 -80.9308871371 -0.429329161517
37.8793888889 -80.5892955455 -2.00256118382
37.5627222222 -75.6296483984 -0.469081417458
41.1043888889 -74.1516078579 0.489813925581
33.5960555556 -80.4907595095 -1.34391702308
36.3293888889 -83.3483045546 -0.200995627251
34.3710555556 -83.0658345846 1.27397375414
41.1377222222 -73.882276026 1.0805963269
34.7210555556 -79.0981168669 -0.459962172016
41.5627222222 -84.6818255756 0.538097758519
40.8293888889 -74.5588901401 0.39648083261
37.9127222222 -79.1375312813 -1.38532036052
35.8627222222 -79.5382444945 0.254240298705
36.7793888889 -83.7030342843 2.26971122661
33.0960555556 -79.8010072573 -0.457333957781
33.8293888889 -83.5913601101 0.70074097598
33.9043888889 -73.5669607107 -0.327115369486
41.6127222222 -84.5110297798 0.0638713120904
39.5293888889 -80.0440628128 -1.80961535995
37.0793888889 -73.2319381882 2.75335427378
38.0460555556 -82.4746183684 -0.544741209457
33.1793888889 -79.393724975 -0.879219564105
40.9960555556 -74.1581769269 1.15983780185
36.7460555556 -79.4528465966 -0.0125435443835
34.0710555556 -80.2871183684 -0.812953586985
41.2460555556 -75.6493556056 1.69180542518
34.3543888889 -73.691773023 1.27331687799
38.2960555556 -73.5866679179 1.43894336117
38.0210555556 -84.4519081582 2.32092111699
41.7793888889 -83.5256694194 -0.5468142361
42.7877222222 -78.5725913413 0.496930628386
39.0877222222 -76.2208646146 -0.300365106711
42.5793888889 -80.1885823323 0.818941356301
33.4543888889 -79.301758008 -0.477538645131
38.1710555556 -78.4215027528 -0.411866988259
37.6043888889 -73.2253691191 2.30137791113
41.4460555556 -76.0172234735 -0.313770496072
34.0210555556 -83.2169231732 -0.0937210633708
39.6043888889 -78.2966904404 -0.271202194963
37.6543888889 -83.1512324825 0.958037099338
34.8543888889 -76.6741303804 -0.0641375376429
42.4960555556 -78.3755192693 0.683274676419
41.4710555556 -78.3229667167 -0.778220627884
37.5710555556 -78.4871934434 -1.06609000535
34.7793888889 -83.7818631131 -0.274911741167
38.5127222222 -76.8186498999 -0.37411706251
34.4127222222 -80.7009697197 -0.86333571642
41.7377222222 -84.0183495996 -0.329042983127
34.0960555556 -84.0314877377 -0.177414441349
38.0543888889 -82.2578390891 -1.12870993462
37.9543888889 -75.7150462963 0.00590310150526
35.4543888889 -80.6155718218 0.132737636792
38.4710555556 -81.9950763263 0.309694445954
40.6043888889 -79.590797047 -1.01090742822
33.5710555556 -79.8075763263 -1.01726740031
33.6627222222 -83.676758008 2.1150947695
36.2293888889 -73.4881318819 1.55273816183
37.4793888889 -75.3734547047 -0.187838056945
43.1710555556 -76.831788038 -0.0373377791815
38.5293888889 -73.7114802302 -0.165912609992
36.3460555556 -73.5800988488 2.5029580328
42.9877222222 -79.7484547047 0.865875089168
39.2960555556 -83.8344156657 2.44024213496
36.7627222222 -73.1465402903 1.97720133491
42.8627222222 -78.6251438939 0.632102779169
34.4960555556 -77.206224975 -0.216426052809
32.7793888889 -81.4169982482 0.537349440593
37.8627222222 -74.5588901401 -0.538563026683
40.7793888889 -74.7493931431 0.536177837744
40.2710555556 -76.069776026 -0.344225006739
34.1377222222 -74.453785035 1.29469693335
40.6377222222 -79.9520958458 0.438623090592
33.0293888889 -83.4074261762 3.03853635145
33.1293888889 -81.6272084585 0.552868292645
35.1793888889 -80.1031844344 -1.37619200256
39.5210555556 -78.8156468969 -0.920870245817
40.2710555556 -75.5705267768 -0.704140580989
33.6793888889 -83.0789727227 0.587674823086
42.6127222222 -79.4856919419 0.852466330376
39.1210555556 -76.25370996 -0.270334382366
36.0127222222 -80.2936874374 -1.23361132531
40.9627222222 -81.009715966 1.20216362168
39.4127222222 -75.1566754254 -0.416739950326
39.4377222222 -75.7873060561 0.0114697100995
41.7127222222 -74.6639952452 -0.0891449160806
33.6627222222 -80.0309246747 -0.85671575767
35.1710555556 -76.7463901401 0.0789768511622
33.9460555556 -82.8556243744 1.94298326074
38.9627222222 -82.9541604104 2.42324267961
38.2543888889 -75.6690628128 -0.424175016224
36.6627222222 -80.5695883383 -1.07565816912
36.6043888889 -74.9858796296 -0.00895432764877
35.9960555556 -78.1127565065 -0.331561405878
37.9127222222 -83.1840778278 1.1250875165
37.1543888889 -78.9601664164 -0.482937100606
33.0627222222 -79.0389952452 -0.408674518047
36.3877222222 -84.1037474975 0.214587169871
38.8043888889 -73.5406844344 -0.408066534489
37.1543888889 -76.9303240741 -0.0181405414292
37.1543888889 -84.0511949449 1.49276074665
40.0460555556 -81.1213901401 0.710990875042
39.7460555556 -73.2319381882 0.43536624273
34.5043888889 -81.2790477978 -0.239757300655
37.5543888889 -74.0399336837 0.765635065519
33.5293888889 -76.634715966 -0.267176252132
34.3710555556 -78.8353541041 -0.374202056056
36.8377222222 -75.5442505005 -0.00932328801326
42.4793888889 -81.8374186687 0.418762523603
33.4543888889 -77.7251814314 -0.0279116287293
39.5793888889 -80.5301739239 -1.03432267617
42.3210555556 -76.3259697197 -1.02496206192
39.5543888889 -81.3578766266 -1.52197058979
40.0127222222 -75.7873060561 -0.547400235181
38.6293888889 -74.2238676176 -0.365093999695
43.1710555556 -73.8428616116 0.729178850392
33.8793888889 -83.5979291792 0.481732819465
32.8293888889 -83.8409847347 -3.46756368001
36.2460555556 -77.0025838338 -0.0700265810125
40.6543888889 -83.0198511011 -0.0816224050766
35.9793888889 -76.260279029 0.30712436882
37.1543888889 -83.105248999 0.889083036135
33.6960555556 -83.8541228729 2.42715257151
41.5127222222 -83.7884321822 2.22708419573
35.5293888889 -76.3456769269 0.0276090733885
40.7043888889 -78.1193255756 -0.868601806236
34.5543888889 -81.2724787287 -0.934333401909
41.7377222222 -78.0799111612 0.569055591835
39.8460555556 -77.6200763263 -0.781909501296
40.5210555556 -77.6989051552 -0.925841202284
38.2877222222 -73.4881318819 1.66000623548
37.5543888889 -76.9368931431 0.590534149042
43.0543888889 -74.7625312813 0.55697679273
38.3043888889 -80.8586273774 -1.76841460632
36.9877222222 -74.5063375876 2.39901193597
34.3043888889 -82.6716904404 -0.486079805601
37.5710555556 -73.1662474975 2.2809985015
39.2293888889 -76.1157595095 -0.330044515636
41.0127222222 -81.7520207708 -0.78139482284
38.1627222222 -80.6812625125 -1.87483509963
34.7127222222 -81.8899712212 -0.66910178179
38.8960555556 -75.9449637137 -0.086978868291
34.8377222222 -81.1410973473 -0.676128791326
35.0877222222 -83.0198511011 -0.254698449962
33.5543888889 -77.9419607107 -0.171430015712
34.6210555556 -82.1264577077 -0.785153703908
37.2127222222 -82.2315628128 -1.27668316084
38.8627222222 -82.8424862362 2.50634890592
40.5543888889 -82.0410598098 -1.18827762884
41.7377222222 -81.7651589089 -0.811724311566
36.3460555556 -74.828221972 2.47456159663
40.7793888889 -79.7813000501 -1.13186363808
33.6710555556 -78.4543480981 0.27257825437
37.2210555556 -79.8601288789 0.134885451058
34.5627222222 -73.9479667167 2.15442061496
38.7960555556 -75.0647084585 -0.100573670375
35.6627222222 -77.6529216717 -0.0203784249296
38.4543888889 -77.6397835335 -1.04761194464
38.6960555556 -77.4624186687 -0.717172966734
39.9460555556 -77.6003691191 -0.574084736773
40.5043888889 -79.4265703203 -0.989133383187
35.3627222222 -75.4391453954 -0.332844193026
40.6543888889 -74.8742054555 -0.73966906573
32.9043888889 -74.5588901401 0.0262165166277
40.7377222222 -79.3608796296 -0.964150032489
36.0793888889 -79.4659847347 -0.844417174051
42.8960555556 -82.8884697197 -1.30261995681
38.6793888889 -77.2916228729 0.0557015094336
35.1043888889 -73.7246183684 0.246055555448
39.6210555556 -80.1031844344 -1.73780439762
42.9043888889 -73.2253691191 1.0613559462
38.1710555556 -73.4290102603 2.24718479434
33.3210555556 -83.8147084585 -2.77934708198
32.7960555556 -76.063206957 -0.515840278366
34.6960555556 -77.8631318819 0.689582630212
41.4127222222 -84.6095658158 0.935510246483
41.5710555556 -73.4815628128 -0.105964530144
33.0293888889 -82.1724411912 -1.19662304997
37.9543888889 -76.6544231732 -0.621330990914
40.5043888889 -75.6033721221 -0.88776404178
41.7293888889 -78.4083646146 0.730963927472
35.4127222222 -74.5523210711 1.2778484906
41.4960555556 -78.447779029 -1.02213819424
41.5293888889 -82.3826514014 -0.138819590643
40.4210555556 -82.2052865365 0.0583005970974
41.6793888889 -81.4826889389 0.400767470585
40.3960555556 -80.2148586086 -0.527337546679
41.4460555556 -83.9198135636 2.34554619501
42.8043888889 -83.0921108609 -0.7028201649
42.5127222222 -80.6812625125 0.787395002803
35.9043888889 -80.4841904404 -1.12028654141
42.5043888889 -73.5078390891 0.91948206862
38.6627222222 -74.7691003504 -0.0756174962661
43.1543888889 -80.1163225726 -0.671925388707
35.8710555556 -82.8359171672 -0.437022775268
41.5210555556 -81.6272084585 0.629529108788
35.1127222222 -80.9637324825 -1.10958235007
37.4793888889 -82.0804742242 -1.43860070944
34.4543888889 -76.7201138639 1.12443265227
35.4127222222 -83.1775087588 0.123351686938
41.9793888889 -80.1623060561 0.650161640353
35.9627222222 -75.4457144645 0.0575343883326
38.0627222222 -78.5660222723 -0.548585460038
33.6293888889 -78.822215966 0.088324123571
38.0043888889 -83.013282032 1.72360576385
32.8210555556 -77.212794044 -0.38235108583
33.9460555556 -83.5979291792 -0.060091665044
41.0043888889 -75.4128691191 -0.946809098628
37.0460555556 -75.8595658158 0.518651489261
38.0377222222 -83.867261011 2.51005083663
42.3127222222 -78.8156468969 0.849262478074
37.1127222222 -81.2133571071 0.156670157517
36.6460555556 -73.2779216717 1.96285840325
32.9460555556 -77.9419607107 0.428810596329
37.1210555556 -73.5669607107 2.28476596464
41.1793888889 -80.6090027528 -0.623518046596
33.8710555556 -78.5594532032 -0.00846128121213
41.8043888889 -84.0446258759 -0.73465378206
35.1127222222 -75.3471784284 1.22151895126
38.1627222222 -79.0784096597 -0.98900883417
32.7877222222 -73.6983420921 -0.890948056117
36.2793888889 -74.3289727227 1.91367109562
39.7710555556 -77.5938000501 -0.692398572487
37.3793888889 -81.3775838338 -1.23221916493
40.0877222222 -77.2390703203 -1.07626090871
36.7793888889 -82.5797234735 0.432912670905
39.5460555556 -83.6504817317 2.86087089089
41.8627222222 -83.2760447948 -0.0900679098357
35.1543888889 -76.8186498999 0.194093906156
40.7210555556 -79.1966529029 -1.05002742199
37.1877222222 -81.2396333834 0.0487077702289
41.0043888889 -77.5806619119 -0.297371509436
41.7543888889 -80.5104667167 0.777640581618
34.2377222222 -74.7625312813 2.00813537791
34.5543888889 -78.9667354855 1.48108051123
39.0293888889 -75.9646709209 -0.270460827713
37.4543888889 -80.8060748248 -1.80232485724
39.3543888889 -79.1506694194 -1.48752311609
41.1127222222 -81.962230981 -0.662314824512
36.2127222222 -81.9425237738 -0.751282981352
37.1960555556 -75.5508195696 -0.0971059695551
35.2127222222 -81.5483796296 -0.0354390675522
38.7460555556 -77.2916228729 -0.118928024336
34.8793888889 -74.8742054555 1.01882823042
33.9960555556 -74.0136574074 1.78603991275
37.6960555556 -82.3826514014 -0.866751083634
41.9460555556 -80.1688751251 0.759799842975
32.8377222222 -82.4549111612 -0.698006343709
34.9460555556 -80.9111799299 -1.39390199548
37.0460555556 -79.7221784284 0.204277655046
38.8960555556 -83.4139952452 -0.228000765141
37.9793888889 -79.019288038 -1.37084580391
42.0377222222 -81.9490928428 0.426735995918
41.3460555556 -75.0909847347 -0.966276817688
41.7960555556 -78.4017955455 0.733510696942
34.1210555556 -82.3695132633 -0.899239357079
38.7877222222 -74.2107294795 -0.252045093329
42.7460555556 -84.1168856356 -1.26382155345
40.8460555556 -82.7505192693 0.125208333043
38.7043888889 -82.6191378879 1.08578223806
35.0710555556 -82.6519832332 -0.133375031212
41.8627222222 -75.2420733233 -0.963832132144
40.7793888889 -74.8807745245 -0.636634412713
35.9460555556 -74.0333646146 1.30599643775
40.9543888889 -82.9278841341 0.556033270111
40.4210555556 -80.5892955455 0.774782928872
40.4543888889 -79.301758008 -1.05379301655
42.9210555556 -75.0384321822 0.0339960506922
37.9127222222 -80.8060748248 -1.67686633746
40.6377222222 -78.3032595095 0.879822614498
39.1377222222 -73.6392204705 -0.534849064318
36.2043888889 -74.5720282783 2.51303304429
36.9043888889 -77.7843030531 0.48242286845
35.5793888889 -84.2416979479 -0.255688085912
36.6043888889 -74.1581769269 2.81561716527
42.2127222222 -81.7585898398 0.854998528676
36.0210555556 -82.7505192693 0.482992133326
33.7543888889 -81.587794044 -0.112165855613
35.8293888889 -81.1148210711 -0.0312125292027
42.4960555556 -83.0526964464 -0.221128958202
42.9543888889 -75.2749186687 0.0856716546277
36.5127222222 -75.018724975 0.375711208947
42.3627222222 -75.3340402903 -0.808281026596
33.1460555556 -81.6994682182 0.160605113287
39.2960555556 -83.9329517017 2.87969475219
34.7793888889 -84.2285598098 -0.960458592756
41.6127222222 -83.5716529029 -0.167386854284
35.2877222222 -78.5528841341 -0.138142575491
37.4960555556 -74.2698511011 -0.0438343545724
36.2627222222 -79.9849411912 -1.1128099301
34.4377222222 -78.4871934434 0.0975403590027
37.2960555556 -79.8601288789 -1.52830305257
42.2377222222 -77.7120432933 0.886555955836
41.9960555556 -80.3068255756 0.761541809313
35.6877222222 -82.3038225726 0.0997461467329
40.5710555556 -82.1724411912 -0.527317591487
33.2877222222 -81.679761011 0.140721707204
36.3293888889 -73.3370432933 2.75103143062
34.7460555556 -77.3376063564 0.0205045908079
35.1710555556 -76.4967655155 0.471360616508
36.4377222222 -83.9329517017 0.219079947289
39.5043888889 -76.2340027528 -0.1050873544
41.6293888889 -76.8120808308 -1.13781719711
38.9627222222 -81.5943631131 -0.526671911806
37.3710555556 -82.7899336837 2.31387848174
42.4127222222 -84.0249186687 0.441435635053
36.5043888889 -80.8323511011 -0.220480407026
35.4043888889 -83.2891829329 0.114109889495
43.0960555556 -82.1330267768 0.185363328958
36.7460555556 -84.3599411912 0.137197196795
38.3293888889 -79.9849411912 -1.87288406808
38.2043888889 -82.5140327828 -1.20166999227
40.4293888889 -73.3239051552 1.14454952899
37.8877222222 -74.8807745245 0.429470835968
36.2043888889 -80.3528090591 -0.623033073777
37.0377222222 -81.5680868368 -0.567942643739
40.0043888889 -74.4078015516 0.307406229207
35.8793888889 -73.8362925425 1.38292398733
35.7293888889 -75.1435372873 -0.194345454483
41.6627222222 -77.5543856356 0.334469335537
34.0127222222 -81.7848661161 -0.579739669958
38.8543888889 -79.9061123624 -1.75770897802
36.5460555556 -75.9581018519 0.569562459924
37.3710555556 -83.4599787287 0.0302585250359
36.9293888889 -81.0819757257 -0.398101191963
38.5960555556 -75.0581393894 -0.257350633375
38.0460555556 -77.206224975 1.32424417763
34.4127222222 -75.2946258759 1.24910764752
34.4793888889 -81.5089652152 -0.599254655875
41.0877222222 -73.691773023 0.365901712699
35.5460555556 -73.8034471972 0.70489472953
39.9627222222 -80.2214276777 -1.58707542639
35.2043888889 -83.1578015516 -0.193984555886
38.2377222222 -73.5406844344 2.20616422667
39.2460555556 -80.4119306807 -1.87810280222
38.6793888889 -81.6206393894 -0.549222834277
39.4877222222 -75.215797047 0.0160957499184
36.4793888889 -77.3310372873 -0.377504981756
38.9543888889 -77.6660598098 -0.132778057097
38.6710555556 -77.2850538038 -0.419816201192
40.3127222222 -83.6964652152 3.12133847311
39.4710555556 -82.3103916416 0.322860557523
42.7210555556 -74.1319006507 0.491649278801
39.5210555556 -77.8565628128 0.685223637629
37.9293888889 -82.2184246747 -1.3269929966
34.8627222222 -77.4755568068 -0.0946030802454
39.1460555556 -83.3417354855 0.637953970765
32.8793888889 -77.0748435936 -0.470665940303
42.3127222222 -74.4143706206 0.522463819973
39.6543888889 -79.1309622122 -1.17540361641
42.1627222222 -83.2431994494 0.717980764067
34.3377222222 -82.9213150651 -0.515427830658
42.2377222222 -73.8888450951 0.644417157942
37.4543888889 -82.0541979479 -0.0452153267349
33.0877222222 -77.4492805305 0.579050990546
36.9710555556 -77.2522084585 -0.131612364815
37.8043888889 -78.7039727227 -1.20179490824
35.0877222222 -78.5857294795 -0.116454663079
38.8793888889 -84.2614051552 2.21957282143
36.3377222222 -76.2799862362 0.247056191919
42.0043888889 -80.9571634134 0.727175721369
42.9293888889 -83.3023210711 -1.05091925773
34.2127222222 -78.1258946446 -0.331951481393
38.9710555556 -74.6968405906 -0.395296675675
34.6127222222 -80.2411348849 -1.41861090221
42.0793888889 -77.4295733233 0.407917942312
42.9377222222 -73.0742805305 0.82188281855
38.6293888889 -84.2614051552 0.873067306894
42.9210555556 -73.9348285786 0.652850886539
35.8710555556 -78.3098285786 -0.264393947712
35.2793888889 -82.0082144645 0.506257474756
38.4293888889 -80.9834396897 -1.68052472952
33.3960555556 -77.87627002 0.117824661478
36.4377222222 -83.2760447948 -0.195687882352
37.0127222222 -77.2916228729 0.0130342619663
38.3793888889 -73.5341153654 1.86463124108
38.4710555556 -78.0799111612 -0.864253490573
36.1710555556 -82.632276026 -0.428364323806
37.3460555556 -82.7899336837 2.64530494215
36.7877222222 -81.1148210711 -0.239937717908
42.3960555556 -82.5928616116 0.648448569747
39.3293888889 -80.1425988488 -1.95511554577
39.8127222222 -75.2355042543 0.296135021163
42.0627222222 -76.7529592092 0.947840096537
35.1377222222 -75.1632444945 1.49139707355
42.8210555556 -79.7615928428 0.879868031776
33.1543888889 -77.0682745245 -0.00779166706033
34.4460555556 -73.50127002 1.41326025475
41.5127222222 -83.4665477978 0.279152742442
38.4460555556 -75.3603165666 0.016746830739
40.5127222222 -83.4271333834 3.0622705355
41.7293888889 -77.6003691191 -0.967988302296
36.8460555556 -76.4901964464 -0.110722937057
38.8543888889 -83.2169231732 2.377686872
36.3293888889 -74.8413601101 2.38703060199
35.4043888889 -83.7358796296 0.576693893555
37.7627222222 -73.8034471972 2.1394196685
36.8377222222 -81.3578766266 0.0347851753979
35.0960555556 -74.3946634134 0.464554092162
38.4293888889 -83.2103541041 0.366388504137
38.9127222222 -82.0344907407 0.385940747629
38.7960555556 -73.4290102603 0.879680912005
33.5210555556 -75.2289351852 -0.233871384322
37.6127222222 -81.870264014 -1.3567006487
38.7210555556 -84.0906093594 2.0088948009
38.7293888889 -74.263282032 -0.237894138804
39.7960555556 -83.0461273774 1.24724538379
42.5960555556 -76.5755943443 -1.02684880832
40.7543888889 -77.0682745245 -1.09996094861
41.4543888889 -80.9703015516 0.48125870922
39.2460555556 -84.0906093594 3.4585821018
33.8960555556 -76.0369306807 -0.284830224628
42.1210555556 -78.1193255756 0.809147173861
42.7293888889 -83.5585147648 -1.14089907672
34.0793888889 -78.6776964464 0.0412113435537
36.7877222222 -82.9213150651 2.29621217052
37.8543888889 -82.1395958458 -1.13375158114
35.5293888889 -78.4017955455 -0.344749710101
35.3627222222 -79.7156093594 -1.32914711327
38.7043888889 -84.3139577077 1.57760621792
35.6960555556 -73.2647835335 1.36809775987
33.3210555556 -80.825782032 -0.0321532526963
42.7460555556 -84.2548360861 0.12601250747
33.5210555556 -82.632276026 0.591869923623
33.3460555556 -84.1891453954 1.24176321085
39.1043888889 -74.1319006507 -0.822179703617
37.8460555556 -75.3209021522 -0.21442734596
36.1377222222 -83.7621559059 -0.58738697089
40.8377222222 -81.016285035 0.225770874913
35.5127222222 -80.254273023 0.288222187617
37.9460555556 -84.4190628128 0.943055452972
34.5710555556 -81.4367054555 -0.588797343182
41.9960555556 -75.9909471972 -1.15455843561
33.7127222222 -81.8834021522 -0.655497017109
38.0043888889 -84.2942505005 0.732453943034
41.7210555556 -75.2683495996 -0.992406316485
34.5877222222 -83.8869682182 0.92167196277
41.5793888889 -76.1945883383 -1.20618254785
36.6377222222 -81.1410973473 -0.31695033247
36.6793888889 -74.5983045546 1.85543572592
38.1627222222 -80.0243556056 -1.84270483838
34.0043888889 -74.7953766266 -0.289428218709
41.7627222222 -74.8610673173 -0.565621587498
35.4127222222 -76.4836273774 0.167591347491
35.8460555556 -79.2754817317 0.531652097423
37.9043888889 -79.590797047 0.344232491104
35.4960555556 -75.7084772272 -0.264146735181
34.6210555556 -81.3710147648 -0.806871200938
35.6210555556 -81.8505568068 -0.258334999944
37.3460555556 -74.4406468969 -0.232871811378
32.8460555556 -84.2088526026 -0.761429867667
37.4627222222 -81.8571258759 -0.482856182608
39.8127222222 -75.5508195696 -0.0387752556839
42.2793888889 -81.4367054555 -0.27181486256
41.6043888889 -73.6654967467 0.33930066923
34.7543888889 -74.4209396897 1.9827066043
41.0377222222 -81.0491303804 -0.511413740772
36.2710555556 -76.2208646146 0.199467931526
35.9127222222 -76.8055117618 0.322720998044
35.3043888889 -74.8019456957 0.717320037034
36.3127222222 -84.5701514014 -1.1581573268
39.3127222222 -75.6230793293 -0.20525519261
39.0460555556 -74.7231168669 -0.128532984115
36.0460555556 -80.155736987 -1.23373907432
34.9460555556 -84.0117805305 -1.6869713367
33.7877222222 -83.959227978 -0.466250865727
41.4127222222 -78.9995808308 -0.013818864554
40.3793888889 -82.1330267768 0.0279504243304
41.4710555556 -76.3194006507 -0.313527089506
33.3543888889 -75.2289351852 -0.887394330358
32.7293888889 -80.7469532032 -0.464033532751
39.7710555556 -81.7388826326 -1.42121231417
37.4293888889 -79.7878691191 -1.58139535929
37.5710555556 -77.9025462963 0.0177770694767
39.1877222222 -81.778297047 -0.548548117666
36.8127222222 -73.882276026 2.72569131067
38.8043888889 -74.9990177678 0.195159822193
36.8460555556 -79.7090402903 -0.148536954988
39.6960555556 -73.0480042543 0.380380129239
34.6460555556 -77.3704517017 0.117720417997
40.2793888889 -78.1850162663 -0.853982382853
40.6293888889 -81.0885447948 -0.747050572043
34.5793888889 -76.8120808308 0.18642193104
35.9710555556 -81.2264952452 -0.0968892327093
33.2543888889 -84.0446258759 -0.458703109751
42.5877222222 -84.0906093594 -1.54127303493
40.5210555556 -78.0930492993 -0.810462703215
39.7793888889 -79.3805868368 -1.7582745143
32.9377222222 -75.7150462963 -0.31052208192
40.7793888889 -73.7640327828 1.11589780447
38.4293888889 -83.295752002 0.255264117174
38.3543888889 -83.5453766266 2.56354198951
35.5127222222 -78.3361048549 -0.120985945958
42.6710555556 -81.1936498999 0.870178378999
39.3627222222 -78.349242993 -0.11267113459
38.0127222222 -78.7893706206 -0.90558637016
40.0793888889 -83.2497685185 2.15966948784
37.9293888889 -73.6786348849 0.0146201125372
36.7460555556 -74.6968405906 0.0837422140744
39.8877222222 -80.4841904404 -1.49852005649
34.3877222222 -80.6746934434 -0.797336853209
40.1877222222 -79.1441003504 -0.963795928181
42.9960555556 -82.0804742242 -1.04227920915
42.9793888889 -80.3987925425 0.836786719468
34.3460555556 -75.3603165666 0.232559275841
42.5377222222 -81.8308495996 0.386911051656
35.1377222222 -73.5800988488 1.7064274197
34.0793888889 -76.4573511011 0.0514034699813
33.1460555556 -83.1775087588 2.92580698471
37.2043888889 -73.7114802302 2.50900842853
36.6877222222 -82.5862925425 0.425130022673
39.6210555556 -76.2668480981 -0.906467534753
39.3460555556 -73.3764577077 -0.60976514302
34.2293888889 -81.8571258759 -1.10186561194
38.1210555556 -77.5609547047 0.4126894443
39.1793888889 -81.3644456957 -1.4352950268
32.8627222222 -77.4098661161 0.684470058796
35.0960555556 -75.7610297798 0.240703930907
36.5793888889 -82.2644081582 -0.630558973034
42.8793888889 -82.5928616116 -0.315132871657
40.3377222222 -77.3835898398 -0.917990687726
38.8377222222 -76.6872685185 -0.944009595937
39.2043888889 -77.0354291792 -1.02906143821
35.8210555556 -79.0389952452 0.0184669947506
34.4627222222 -82.5206018519 0.417980034543
34.9960555556 -83.4993931431 0.0235026194637
41.3960555556 -83.8409847347 3.4964093235
33.0460555556 -77.0354291792 -0.295035507827
40.1710555556 -73.9151213714 0.897156109504
33.3793888889 -78.5988676176 -0.0283470895995
39.7460555556 -83.7818631131 2.62305490767
35.6793888889 -79.1769456957 0.827547397375
34.6043888889 -75.2880568068 1.15287231658
34.3710555556 -79.6761949449 -0.43713920409
41.6127222222 -74.7822384885 0.0725986240841
36.7877222222 -75.3537474975 -0.120167630598
41.0710555556 -74.0333646146 1.18574503779
34.4960555556 -75.7019081582 0.658525067842
34.0793888889 -84.432200951 2.3206339609
38.7793888889 -75.9909471972 0.320651045794
36.7710555556 -73.7640327828 2.75237939909
41.3627222222 -75.6427865365 -1.37135155927
42.8377222222 -77.6660598098 0.378427376831
40.3127222222 -81.7651589089 -1.29562141108
40.5043888889 -83.2169231732 3.2646563367
41.7293888889 -78.0076514014 0.343163360089
38.0377222222 -75.9252565065 0.344259669312
33.0127222222 -80.2214276777 -0.727519229025
36.6127222222 -75.7544607107 0.437638236376
32.5043888889 -82.1330267768 -1.69771700041
33.0043888889 -78.9404592092 -0.114168144432
34.2460555556 -77.3638826326 -0.0327573664668
38.4460555556 -81.8439877377 -1.67047629118
34.8293888889 -77.8368556056 0.0566863361867
33.4210555556 -83.5191003504 1.22137845994
36.7543888889 -75.872703954 0.477478073545
40.4793888889 -73.5538225726 1.21551099503
36.7293888889 -82.9475913413 2.5074389133
37.9460555556 -81.4432745245 -0.861073848328
35.9793888889 -82.2906844344 -0.159692797246
42.6043888889 -77.1339652152 -0.478609159881
36.2710555556 -78.8156468969 0.223054066764
33.1793888889 -80.5038976476 -0.704520820445
35.6127222222 -77.2587775275 -0.160487731901
38.4043888889 -73.4618556056 2.34628907141
34.4460555556 -74.6837024525 1.23516405845
35.7460555556 -74.8676363864 1.85325185407
36.7043888889 -82.2381318819 0.354777030464
38.5627222222 -79.5973661161 -1.72704117834
40.3043888889 -74.736255005 0.696425257103
39.8043888889 -83.0921108609 2.28621619535
36.9710555556 -80.9834396897 -0.514521505387
42.1793888889 -78.7368180681 0.834321953317
42.7377222222 -76.7398210711 0.4915768104
35.2543888889 -76.0763450951 0.555114743122
34.1043888889 -73.2319381882 -0.0717128885809
35.7710555556 -82.5271709209 0.540122643625
41.1377222222 -74.0990553053 0.709150238383
33.2627222222 -76.4639201702 -0.148160958188
41.9877222222 -77.0025838338 -0.85058897306
36.6543888889 -80.6484171672 -0.661871676769
39.1543888889 -79.203221972 -1.68986390031
37.0543888889 -83.959227978 2.05954722762
33.9877222222 -79.2229291792 -0.00237429492921
41.4877222222 -81.1279592092 -0.624173110929
40.4460555556 -81.4629817317 -0.456672445535
41.5793888889 -80.727245996 0.714279664557
36.2960555556 -83.2431994494 -0.458140988484
38.6127222222 -78.5200387888 -0.99199144451
42.6377222222 -79.3411724224 0.803221855022
43.1460555556 -81.6928991491 -1.4758949911
33.7793888889 -80.438206957 -0.705697351347
36.2793888889 -84.2351288789 -0.668775959821
39.7627222222 -80.6221408909 -1.74818346766
33.0793888889 -74.828221972 -0.781284220774
40.4210555556 -83.6307745245 1.52151417798
33.7710555556 -73.5209772272 0.145885641566
41.7460555556 -82.0147835335 -0.140851213528
36.2710555556 -83.6570508008 0.436467713088
42.2710555556 -73.5078390891 0.939490386802
40.8377222222 -76.9303240741 -0.994536979865
40.9877222222 -82.4483420921 0.421425512293
38.9460555556 -75.8332895395 0.122468045486
40.0377222222 -80.2871183684 0.231390837405
38.5210555556 -84.0511949449 1.69288616311
33.7627222222 -83.7227414915 0.29318445745
38.7043888889 -78.7565252753 -0.948835755088
39.5793888889 -76.9040477978 0.424092332652
40.0210555556 -83.4599787287 0.722919462239
42.5543888889 -77.2981919419 -0.468984905511
38.4710555556 -81.8308495996 -1.79507860518
36.7293888889 -79.9980793293 -0.258623483727
41.0460555556 -75.1369682182 -1.04384956904
33.7127222222 -77.8434246747 -0.643579324121
35.5543888889 -80.7075387888 -0.28065855391
42.6127222222 -76.5493180681 -0.136420907711
40.1710555556 -73.7508946446 0.639913663775
36.1627222222 -74.9727414915 2.41300311846
34.4127222222 -83.6504817317 -1.82709241098
39.9127222222 -76.9960147648 -1.06553844578
40.1293888889 -80.0309246747 0.00538675275432
33.6960555556 -78.3361048549 -0.300286074133
33.2877222222 -81.5615177678 0.257438492611
39.0293888889 -78.0799111612 -0.147728114619
39.9710555556 -77.4558495996 -0.948458771753
35.0710555556 -78.9601664164 -0.248341762545
40.9377222222 -79.8535598098 -0.0420721261388
39.3460555556 -75.5376814314 0.338302487366
34.7293888889 -82.6848285786 -0.405718953674
42.6043888889 -80.7929366867 0.635336340242
34.4877222222 -78.8879066567 0.0441364279741
36.7460555556 -78.0404967467 0.515963867322
34.5293888889 -73.2976288789 1.34690161675
39.2293888889 -82.6716904404 1.14900915575
42.2877222222 -77.8828390891 0.893000250216
34.6627222222 -79.9258195696 -1.37861548734
43.0460555556 -74.8807745245 0.760970250065
38.0960555556 -80.1754441942 -1.85506765132
34.9627222222 -79.4200012513 0.130398686121
33.1127222222 -79.7550237738 -0.907214171434
39.4627222222 -80.7075387888 -1.64738942796
41.5043888889 -84.5044607107 -0.270081399158
42.7710555556 -78.2309997497 0.928548841991
38.8877222222 -74.7625312813 -0.314741678049
39.9627222222 -76.2340027528 -0.162576843089
39.9710555556 -74.644288038 0.279175861927
33.2043888889 -83.2826138639 3.39783644606
36.9293888889 -79.9718030531 0.0341944925888
41.9293888889 -81.0622685185 0.716806096868
42.7710555556 -73.7508946446 0.824699333169
36.2377222222 -73.2253691191 2.33223817607
38.7960555556 -80.2805492993 -1.65974487248
41.2210555556 -75.1566754254 -0.961931831457
33.0293888889 -78.349242993 0.535601385389
36.7793888889 -75.5114051552 0.191461247159
34.8793888889 -81.870264014 -0.923915343033
35.9543888889 -78.7828015516 -0.0488357683207
39.3793888889 -74.1187625125 -0.222220647613
39.9877222222 -74.736255005 0.61790066643
36.0043888889 -83.3483045546 2.5905567721
34.9460555556 -83.1446634134 -0.247518718169
36.1293888889 -75.9646709209 0.453693722527
38.2710555556 -78.7696634134 -0.450799911541
37.9960555556 -78.2375688188 0.271030331783
33.7377222222 -80.4119306807 -0.704032266726
40.5793888889 -79.6367805305 -0.6465661655
35.0210555556 -84.1628691191 0.129585103269
35.8293888889 -80.2214276777 -0.291361844245
42.2627222222 -75.7610297798 -0.661840476889
38.4210555556 -82.8819006507 -0.546653071399
41.4043888889 -76.7069757257 0.129727039159
37.6960555556 -81.6009321822 -0.320348480514
33.9710555556 -78.0799111612 0.433351545885
39.2377222222 -80.5038976476 -1.76999987461
38.6127222222 -78.4806243744 -1.03363816236
35.3543888889 -78.4937625125 -0.289712132115
40.0960555556 -77.7974411912 -0.646803802162
43.1293888889 -74.5588901401 0.513770658174
33.7960555556 -81.1345282783 -0.792908198858
42.4543888889 -83.3023210711 0.786232845262
35.2710555556 -82.7767955455 -0.416347674239
34.6543888889 -79.9126814314 -1.48422374367
36.4627222222 -84.432200951 -0.514528062199
35.4127222222 -74.4078015516 -0.206884508648
33.3710555556 -81.0622685185 0.166963578658
41.7043888889 -79.4265703203 0.775899566034
41.1377222222 -83.5388075576 1.48735368331
40.9210555556 -79.2820508008 -0.906104161215
38.2127222222 -84.3139577077 2.64303954058
34.2877222222 -80.8520583083 -0.471444288171
43.1293888889 -82.53373999 -0.890706374447
37.1043888889 -80.3922234735 -1.23993474183
34.3210555556 -81.3184622122 -0.606630891492
38.9127222222 -78.9076138639 -1.02359044641
39.8377222222 -80.5104667167 -1.69375736278
33.8710555556 -81.7388826326 -0.566949813923
42.5877222222 -81.778297047 0.236554016699
37.6460555556 -79.7681619119 -1.75586835638
40.2543888889 -82.7570883383 -1.35536504495
36.6377222222 -83.8278465966 2.30280850804
37.1543888889 -80.1163225726 -0.798305975746
41.1627222222 -76.9566003504 -1.13530769734
41.4877222222 -78.7762324825 -0.868902876288
43.0627222222 -73.9151213714 0.8095885798
39.1127222222 -73.8428616116 -0.6907920575
34.6127222222 -80.444776026 -1.38879069834
34.7127222222 -81.9228165666 -0.979196161934
42.6210555556 -81.1279592092 0.587704795494
34.4293888889 -74.6311498999 1.5574728135
33.7460555556 -77.4755568068 -0.404833573103
37.4210555556 -79.3280342843 -1.5554910894
40.7377222222 -78.1324637137 -0.725106830972
38.5377222222 -76.8514952452 -0.49518586751
40.7293888889 -80.1425988488 -0.705927357334
37.3877222222 -74.8742054555 -0.186929377218
39.6793888889 -84.4059246747 0.543732412357
40.3210555556 -78.6908345846 -1.00868970452
37.8377222222 -80.2148586086 -1.63048633486
39.0543888889 -78.0404967467 -0.415388886711
38.7127222222 -76.0040853353 0.657360883333
34.4043888889 -76.1683120621 0.101899439576
41.4127222222 -80.4513450951 0.657896439573
32.7793888889 -77.0091529029 -0.983340135813
34.7210555556 -83.2300613113 -0.482847543321
40.9710555556 -74.0465027528 1.11454261114
41.3543888889 -76.9631694194 0.848039111316
35.8543888889 -81.016285035 -0.434644521795
38.0460555556 -84.2154216717 2.56834097274
41.9293888889 -75.3865928428 -0.922545059153
38.2043888889 -83.5650838338 1.16576990753
39.4543888889 -74.3880943443 0.480574646555
35.5627222222 -78.9535973473 0.0914955488967
40.0627222222 -83.1183871371 0.907561350173
37.2793888889 -84.2416979479 0.892461384595
41.4710555556 -79.4594156657 0.712202909043
39.6543888889 -77.777733984 -0.873448907354
41.7627222222 -81.778297047 -1.09390547313
36.9127222222 -78.066773023 -0.247278640035
36.9293888889 -81.8965402903 0.355153145108
41.5793888889 -78.9404592092 0.789441496224
39.1377222222 -81.016285035 -0.787117850128
38.7460555556 -79.0061498999 -1.02692286013
43.0210555556 -81.3381694194 -1.51928724068
34.4377222222 -74.4997685185 1.15343900089
36.9210555556 -83.4928240741 2.88161703062
39.8293888889 -77.396727978 -0.560560658922
35.6877222222 -73.78373999 1.9047938645
35.8127222222 -74.3749562062 1.69216204171
34.7793888889 -82.244700951 -0.529279600167
34.0877222222 -74.3749562062 1.54901624435
38.2377222222 -78.5922985485 -0.824288728037
33.6043888889 -73.1925237738 -0.464276685779
35.5543888889 -74.6048736236 1.14152838784
40.4793888889 -79.9849411912 -0.977960746233
41.7543888889 -75.0647084585 -0.915835566064
39.3710555556 -79.8404216717 -1.75717254128
38.2043888889 -83.8015703203 1.52761371954
37.3210555556 -80.536742993 -1.21813904024
35.8460555556 -77.1930868368 0.041809737363
40.9710555556 -79.8864051552 0.0623130789198
41.9877222222 -83.0789727227 0.119896635903
42.5793888889 -75.6165102603 -0.296768526758
42.7377222222 -73.3370432933 1.09473912403
39.5627222222 -76.1157595095 -0.00547361595903
33.6460555556 -76.5493180681 -0.176285428294
37.1710555556 -82.8490553053 2.31782036504
34.3877222222 -78.3032595095 0.083153452866
42.7543888889 -80.5433120621 0.03634257215
41.0460555556 -83.6439126627 1.11304435038
41.1543888889 -73.2910598098 -0.200545289539
39.8627222222 -83.0001438939 0.669736123155
34.7377222222 -77.6923360861 0.190547299251
37.3043888889 -80.4513450951 -1.29629965852
35.6543888889 -80.62870996 -0.116076769773
40.4543888889 -84.2548360861 -0.567626482747
41.6377222222 -76.4704892392 -1.15520436878
33.7377222222 -75.2223661161 -0.373050879908
35.9543888889 -81.2659096597 -0.393046992504
36.7043888889 -79.1309622122 0.0900412454709
42.0043888889 -83.8738300801 -0.259920808238
40.7960555556 -84.2351288789 0.823316549972
41.3877222222 -75.9581018519 -0.0884266213071
38.3293888889 -83.1840778278 1.67426651769
38.0877222222 -73.5866679179 2.0749284692
37.0960555556 -78.5594532032 -0.0379268553156
36.4793888889 -80.4776213714 -0.166818839314
37.4543888889 -82.6519832332 0.351951796033
36.3710555556 -73.8165853353 2.36519295345
33.3460555556 -79.2754817317 -0.474660387356
37.4960555556 -79.019288038 -1.29712741518
35.4210555556 -77.3113300801 0.0244401365824
36.9877222222 -74.2961273774 2.38981457948
34.4460555556 -78.1521709209 -0.394053939735
36.6793888889 -84.1431619119 -0.960933031282
39.3127222222 -74.8742054555 -0.44903315923
38.3210555556 -74.9004817317 -0.271838215617
39.8710555556 -81.2790477978 -0.407007015025
42.0960555556 -80.3856544044 0.762115199939
34.7877222222 -74.3158345846 1.15929270593
37.8127222222 -80.7929366867 -0.379095324586
41.2210555556 -76.3719532032 -0.8439731728
35.9460555556 -84.0117805305 2.62421670088
38.9293888889 -73.7640327828 -0.492906949573
34.9543888889 -81.3578766266 -0.0129896828891
43.0793888889 -77.396727978 -0.457711244157
40.2210555556 -76.7135447948 -0.29387795681
33.2627222222 -73.6195132633 -0.076197295819
34.3210555556 -81.3316003504 -0.841359937142
39.8543888889 -78.4740553053 -0.99251666051
41.6960555556 -77.5675237738 -0.0996501829245
35.9627222222 -79.209791041 0.105653467951
40.6210555556 -75.5705267768 -0.942980337808
41.7793888889 -83.4139952452 -0.808569259027
35.9127222222 -80.0900462963 -1.25431095948
38.9210555556 -80.057200951 -1.85835696691
35.0127222222 -77.0025838338 0.311705820618
36.2710555556 -82.8293480981 0.857558912839
40.0627222222 -74.3880943443 0.653114219576
33.9793888889 -83.1840778278 0.383280223617
34.4710555556 -80.6549862362 -0.613295816312
36.3043888889 -83.3548736236 0.0537446438561
41.6043888889 -76.9763075576 -1.25089938018
36.3210555556 -84.5570132633 -1.0588605768
36.0543888889 -76.5821634134 0.634951559532
37.0460555556 -83.8541228729 2.46058654028
39.3877222222 -75.3537474975 0.0535497259867
40.4210555556 -83.6044982482 2.52935285681
37.6293888889 -82.3892204705 -0.527740084108
35.2377222222 -75.5442505005 0.576155557675
34.7043888889 -82.8030718218 -0.478067813634
36.1877222222 -78.3558120621 0.197998547915
40.4627222222 -81.7257444945 -0.0208994553247
40.5460555556 -74.3092655155 1.09183184955
33.5127222222 -77.8040102603 0.0870348599073
39.0127222222 -74.06620996 -0.47842835076
36.6210555556 -74.6048736236 2.47957559596
33.4710555556 -81.7848661161 -0.783363065529
41.5543888889 -77.5806619119 -0.972605909715
36.7960555556 -79.1835147648 0.0246273371582
34.2543888889 -78.539745996 -0.129486076387
38.0293888889 -83.9723661161 2.45706900791
34.2460555556 -83.5650838338 -0.795456900431
34.6793888889 -79.5448135636 0.0187106341114
34.8127222222 -78.638282032 -0.0167404512779
41.9127222222 -76.9040477978 -1.03235878889
42.3377222222 -79.8272835335 0.810973739496
36.9543888889 -82.7636574074 1.49386111796
34.0710555556 -80.8849036537 -0.58335815241
33.1543888889 -79.2820508008 -0.218573161761
36.2127222222 -76.5755943443 0.554427069291
33.5210555556 -77.3573135636 0.141586477369
36.5460555556 -81.9162474975 -0.240085341063
35.5543888889 -83.7293105606 0.335246489993
40.8127222222 -74.8150838338 0.490646342925
38.9293888889 -73.1990928428 -0.490546496807
36.3460555556 -83.7621559059 -0.00955888436709
34.6460555556 -73.9151213714 1.5816060307
36.8627222222 -81.771727978 0.309582376986
38.4460555556 -77.6989051552 -1.11676962449
33.9877222222 -73.1662474975 -0.0372997646493
43.1210555556 -79.7878691191 0.698611875253
42.4377222222 -79.3871559059 0.792718609472
42.8627222222 -74.5260447948 0.630504715164
34.3877222222 -76.8646333834 0.365608717684
36.1210555556 -78.2178616116 -0.314082146098
35.2377222222 -76.5821634134 0.379949988064
43.1043888889 -77.8894081582 -1.15707184031
39.6543888889 -78.8419231732 -1.10756578572
38.7627222222 -82.0739051552 -0.306236143359
35.9460555556 -73.5603916416 2.15581092274
41.6793888889 -78.6448511011 0.529359890859
33.3043888889 -82.8884697197 1.97647038102
33.0877222222 -76.5755943443 -0.145895888823
35.2877222222 -80.4644832332 -0.431935658256
36.9127222222 -79.5973661161 0.0847975143252
33.6627222222 -82.3235297798 -0.337291409968
43.0293888889 -84.2285598098 -1.16818838383
35.1710555556 -83.4008571071 -1.14155565926
34.8043888889 -83.5716529029 -0.784498387883
36.9543888889 -75.4588526026 0.499996312831
35.4460555556 -82.3695132633 -0.13693783822
41.1627222222 -75.7150462963 0.354876554349
33.9877222222 -83.6176363864 -0.0619851356356
40.1543888889 -77.8302865365 -0.886440065703
39.3210555556 -75.3011949449 0.429154471401
34.1627222222 -75.6559246747 -0.291503342343
39.1627222222 -82.4023586086 0.558782521264
40.4960555556 -77.87627002 -0.958922445577
37.6627222222 -77.3573135636 0.80884508328
39.1793888889 -78.7171108609 -1.00280302293
35.1210555556 -80.2936874374 -1.24352065521
35.9460555556 -82.3695132633 0.0673305509288
40.7460555556 -83.3285973473 3.57266212779
35.1793888889 -75.0581393894 0.748769888797
33.8877222222 -81.8505568068 -0.506131307338
35.6793888889 -81.4169982482 -0.0363003898819
39.7710555556 -82.2315628128 -0.71015283948
41.9877222222 -79.6564877377 0.789836405261
42.0460555556 -75.4719907407 -1.03986749244
42.0460555556 -76.1354667167 -0.545914312372
40.5460555556 -79.965233984 0.0164429336708
33.8293888889 -78.9864426927 -0.130799957412
41.6710555556 -84.3205267768 -0.482759044263
41.9377222222 -77.015721972 0.447076346967
40.4293888889 -78.7828015516 -1.08038641692
42.1460555556 -73.7443255756 1.0278112532
38.9043888889 -84.340233984 2.09860000332
38.9127222222 -73.50127002 -0.31717810836
37.9210555556 -82.0804742242 -1.58251043292
33.5127222222 -83.7293105606 -0.830703476897
34.4793888889 -76.3916604104 0.026262954514
37.3960555556 -79.2820508008 -1.25029640627
37.8460555556 -78.5791604104 -1.17486633071
36.6127222222 -77.7120432933 0.0208754252377
40.2543888889 -77.1405342843 -1.12932972562
36.6127222222 -80.1951514014 0.0943468984808
40.7543888889 -81.6863300801 -0.172926328821
35.3293888889 -81.3053240741 0.634890594803
33.5710555556 -74.5063375876 -1.03413124159
34.7127222222 -83.3548736236 -0.220028631264
42.4127222222 -80.917748999 0.747050369284
42.4627222222 -82.0476288789 -0.393539613478
34.9293888889 -73.3567505005 0.646132538025
33.1710555556 -77.0025838338 0.0120020425061
38.8460555556 -73.8625688188 -0.384484582396
37.5210555556 -81.870264014 -1.56878921503
38.7543888889 -83.3614426927 2.42846845429
37.0877222222 -74.1975913413 1.75650725076
42.5127222222 -81.390721972 0.414194961385
39.3543888889 -73.9019832332 -0.420746202311
38.6127222222 -82.822779029 0.858344290573
34.2043888889 -82.0410598098 -0.850544034606
40.3793888889 -81.7520207708 0.465328414442
37.4377222222 -79.6433495996 -0.977744336849
35.6627222222 -74.0136574074 1.86045017108
39.2793888889 -77.6660598098 -0.702060315989
41.0377222222 -76.9434622122 -1.07690519222
40.3127222222 -77.7054742242 -0.986737424035
36.5960555556 -82.9475913413 1.66887524096
37.6877222222 -75.9581018519 -0.369197509151
37.0710555556 -77.7054742242 -0.246146227946
36.8043888889 -80.4644832332 -1.04379879808
36.2960555556 -74.7428240741 2.77090987452
35.0793888889 -76.3391078579 0.0688549712936
35.6710555556 -76.5821634134 0.532259175755
41.5627222222 -84.4781844344 -0.37569800887
41.6210555556 -78.0536348849 -0.991171086596
41.1127222222 -78.9273210711 -0.621978187321
37.9043888889 -76.831788038 -0.403605002445
41.3710555556 -74.9596033534 -1.00208057793
41.5043888889 -78.447779029 -1.03881532243
35.0793888889 -75.0384321822 -0.24934864411
33.2460555556 -76.7266829329 -0.153735268186
34.7210555556 -77.2916228729 0.169205425283
39.6293888889 -84.2679742242 -0.365502995923
40.8627222222 -81.1936498999 -0.350606883888
42.1543888889 -74.5129066567 0.572213498416
34.1377222222 -73.8297234735 1.34368588959
38.9960555556 -81.3184622122 -1.43542999688
40.4377222222 -77.1273961461 -1.11277895562
40.5710555556 -84.2548360861 -0.0827832628078
42.1210555556 -78.3558120621 0.855669255492
42.0960555556 -83.8081393894 0.739120403157
42.0377222222 -78.8681994494 0.826006992687
40.1210555556 -75.6099411912 0.0509780494258
33.9293888889 -80.0440628128 -1.51967378156
33.4127222222 -77.2784847347 0.13140395053
41.6710555556 -82.4614802302 -0.0504678320245
34.7460555556 -82.0739051552 -0.480156465645
33.4377222222 -75.7019081582 -0.421385211634
38.6043888889 -82.5403090591 -0.477966273854
36.5710555556 -81.7520207708 -0.540035412086
36.6710555556 -82.9804366867 2.74410000073
35.0543888889 -80.9243180681 -1.04430230649
41.8377222222 -79.9192505005 0.765435551686
41.4127222222 -84.6161348849 0.66246933068
39.1210555556 -74.8544982482 -0.297932540771
40.5543888889 -73.494700951 0.805551793197
34.3043888889 -74.3486799299 1.03485730449
39.0793888889 -84.057764014 3.11068238399
41.0460555556 -76.1420357858 -0.783177138599
40.9460555556 -79.9192505005 0.393400440824
37.7627222222 -84.0446258759 2.34588136294
34.1793888889 -79.0324261762 0.178153321292
37.2377222222 -83.4534096597 1.38723740048
35.0293888889 -80.8849036537 -1.07197079546
40.7377222222 -76.9171859359 -1.01002114619
38.0210555556 -78.8681994494 -1.04284541677
35.8877222222 -81.1936498999 -0.423534320965
40.9710555556 -78.6185748248 -1.1060375256
41.0210555556 -80.1360297798 -0.996929254144
33.9543888889 -81.4761198699 -0.453027758813
37.5043888889 -74.6508571071 -0.118350171464
40.4877222222 -79.4068631131 -1.0252653626
42.5793888889 -83.0329892392 -0.530546930066
33.6293888889 -83.5585147648 0.160886398538
36.3127222222 -75.7610297798 0.448627795336
33.5043888889 -82.7636574074 2.16234882451
42.5710555556 -73.4224411912 0.87384069264
37.7627222222 -83.8344156657 1.71538004357
35.9293888889 -83.5585147648 -0.0049877145627
38.4627222222 -82.6191378879 -0.0908798747076
39.1377222222 -80.2017204705 -1.88046997846
40.7460555556 -75.8858420921 -0.455722301381
34.4377222222 -83.9986423924 0.519478297516
37.6293888889 -76.4047985485 -0.661356664537
36.7627222222 -84.1825763263 -0.577311972497
33.5543888889 -80.2871183684 -0.501474358608
38.7543888889 -81.3053240741 0.275240277274
34.7710555556 -76.5164727227 0.154292794274
41.6627222222 -79.0784096597 0.789536851761
38.5460555556 -73.5341153654 1.35062740275
36.5127222222 -79.5973661161 -0.334328559512
41.8793888889 -79.1243931431 0.801673745406
39.5210555556 -83.8081393894 2.58756075445
34.1960555556 -76.825218969 0.104301404601
42.4710555556 -82.914745996 -0.0635749702677
35.7460555556 -82.8687625125 -0.812457164815
39.2377222222 -77.9288225726 -0.176444617439
33.3710555556 -77.5149712212 0.298643283147
35.7043888889 -78.0076514014 -0.143097548205
41.0377222222 -76.1551739239 -0.722910602081
36.2960555556 -78.828785035 0.13314155047
33.1710555556 -76.5099036537 -0.206553541216
35.1627222222 -75.018724975 0.917562646866
38.7210555556 -76.25370996 -0.571463944335
37.2460555556 -73.78373999 2.07079397383
34.0877222222 -82.0739051552 0.0325451785438
37.9793888889 -76.161742993 -0.876594617028
35.0793888889 -81.2790477978 -0.276923237336
38.4293888889 -77.4492805305 -1.17041236168
39.0293888889 -78.2835523023 -0.199850972603
40.7377222222 -75.4391453954 -1.30238284612
42.5627222222 -81.009715966 0.739906040621
39.7460555556 -83.2760447948 0.916893040047
36.0960555556 -79.6893330831 -1.4125180115
37.5627222222 -82.7767955455 0.0158223610833
33.7210555556 -80.4644832332 -0.64651323608
34.2793888889 -74.06620996 1.14907930901
40.9460555556 -82.9475913413 0.537075211466
35.8960555556 -80.62870996 -1.1012610507
41.9127222222 -81.8308495996 0.727388010928
33.9627222222 -73.6523586086 -0.150355758405
42.6210555556 -83.7621559059 0.731861255279
38.1877222222 -73.5078390891 1.58443733432
34.7377222222 -77.1799486987 -0.076419325506
39.6127222222 -79.5119682182 -1.83000142172
33.3460555556 -82.3498060561 -1.96193049359
37.0460555556 -84.2416979479 0.349797904845
34.8043888889 -75.025294044 0.981871731638
34.8377222222 -79.0784096597 -0.228972461852
42.1543888889 -80.8586273774 0.747074525217
37.8377222222 -75.8135823323 -0.328941959641
42.4793888889 -75.5245432933 -1.15607433337
39.9543888889 -79.1046859359 -1.05780992209
38.2960555556 -84.1563000501 1.73701968651
34.3377222222 -78.920752002 0.221213456508
41.6543888889 -76.9763075576 -1.19109701178
42.1960555556 -74.6180117618 0.732825698717
41.9793888889 -76.5099036537 0.268040823894
39.8543888889 -79.0061498999 -1.07699201467
35.3960555556 -74.5326138639 0.238059981922
36.3293888889 -74.8216529029 2.77285079944
37.9793888889 -84.4847535035 2.45334600681
36.7627222222 -83.2169231732 0.72857391155
42.6377222222 -83.486255005 0.890925390412
33.1960555556 -76.634715966 -0.529729850213
36.1293888889 -81.6928991491 -0.46872935258
41.2127222222 -74.4800613113 0.14618461069
36.9960555556 -77.6332144645 -0.335107748595
42.5460555556 -73.4421483984 0.827102855492
33.9627222222 -79.0849787287 -0.382364726692
33.9043888889 -81.0622685185 -0.421598849231
41.6627222222 -73.6260823323 0.23083785819
42.9460555556 -78.9010447948 0.702576979406
42.9460555556 -82.0147835335 -1.05831499766
34.3710555556 -76.5624562062 0.517001427022
35.6543888889 -77.4427114615 0.172089338303
35.7460555556 -78.5069006507 -0.341878858316
36.9793888889 -75.9318255756 0.598677386939
35.0543888889 -74.7559622122 0.87880040837
42.1210555556 -82.9213150651 0.213766042735
41.8960555556 -77.7843030531 0.724012775498
37.6710555556 -81.4301363864 -0.887002311252
38.1043888889 -83.4599787287 0.205440557611
33.2210555556 -75.5968030531 0.224705018739
42.0377222222 -83.5322384885 -0.793155269361
35.7210555556 -76.5887324825 0.583642886809
36.7043888889 -82.1264577077 0.952988642901
40.0210555556 -84.0774712212 1.30067627819
39.6543888889 -78.5594532032 -1.09807161528
40.4960555556 -82.6782595095 -0.522366242132
39.8127222222 -76.3194006507 -0.694441521133
42.2627222222 -82.8884697197 0.260139449619
37.3127222222 -82.0016453954 -1.36771169402
39.0127222222 -73.691773023 -0.490876493618
42.7543888889 -80.9374562062 0.723961404433
41.6627222222 -83.5322384885 -0.375213373356
40.0960555556 -77.0485673173 -1.07977810947
42.9627222222 -79.301758008 -0.0314516471716
33.0627222222 -73.8165853353 -1.33099298972
39.2627222222 -76.3259697197 -0.907333870101
33.2043888889 -77.9025462963 -0.30309705946
34.0127222222 -76.2011574074 -0.189551365081
36.0543888889 -81.5155342843 0.057964659093
42.9210555556 -80.2082895395 0.829746443977
39.0793888889 -76.0237925425 1.1844646245
35.7543888889 -78.3755192693 -0.33812040981
43.0710555556 -74.5129066567 0.661771005003
41.9877222222 -80.7075387888 0.668244678355
39.6543888889 -79.0849787287 -1.21529795667
35.7960555556 -79.4331393894 -0.190365016111
38.7543888889 -77.4821258759 -0.968485074043
37.7460555556 -79.2689126627 -0.09114413195
33.8627222222 -75.0055868368 -1.20999202534
32.9543888889 -80.06377002 -0.354477189244
34.7710555556 -81.7191754254 -0.740336587296
36.3543888889 -84.4124937437 -0.952957508085
42.3377222222 -77.5806619119 0.664591852456
38.1043888889 -74.1778841341 -0.677017590717
40.0627222222 -81.1279592092 0.320797670128
42.4460555556 -77.7317505005 0.698522540877
37.5210555556 -73.691773023 2.19137357729
41.5127222222 -81.8571258759 0.668995941465
40.4377222222 -83.6176363864 2.20991636498
38.6543888889 -78.9470282783 -1.14397888008
40.6210555556 -83.5453766266 3.3620612682
35.8127222222 -76.5558871371 0.571541987486
33.4960555556 -76.1026213714 -0.28510496604
35.7543888889 -73.4421483984 1.8565989374
38.0043888889 -82.2381318819 -1.60563298904
38.9543888889 -82.435203954 2.15101117307
38.5710555556 -80.5433120621 -1.85124763244
40.5377222222 -78.6054366867 -0.844557231422
41.9043888889 -75.2486423924 -1.04980335104
34.2793888889 -76.5099036537 0.0583400617602
39.7710555556 -78.7499562062 -1.28415795753
35.1293888889 -83.4008571071 -0.155837049751
41.3710555556 -74.0793480981 0.864910683305
37.4710555556 -77.3376063564 0.0719662429151
32.9710555556 -80.5301739239 -0.644803074089
36.0627222222 -78.2966904404 -0.258997633947
35.8127222222 -74.6508571071 2.41470343086
35.1960555556 -80.9046108609 -1.37908623899
36.5377222222 -75.0581393894 -0.0882716794521
33.0877222222 -74.7493931431 -0.227253202969
34.2043888889 -79.7878691191 -0.112492017228
39.4627222222 -77.0814126627 -0.898956233238
34.1710555556 -80.7009697197 -0.646192956196
38.2377222222 -84.057764014 2.42882389185
39.4793888889 -82.7899336837 -0.841446866086
37.4627222222 -82.441773023 -1.35998038413
42.9293888889 -80.5301739239 0.650087453583
42.3960555556 -83.5059622122 0.604369950967
33.6793888889 -78.0536348849 0.160845665789
34.3960555556 -80.6681243744 -0.813090811987
41.7543888889 -74.9398961461 -0.543833322988
34.4793888889 -74.3486799299 1.31545890783
34.1710555556 -81.587794044 -0.502896086686
36.4460555556 -80.1885823323 -0.253473617994
33.1543888889 -77.8237174675 0.147382658456
33.2877222222 -75.9646709209 -0.207080621307
42.6960555556 -76.8646333834 -0.985004198965
36.4210555556 -75.6099411912 0.406187384029
33.0710555556 -79.9192505005 -0.00441502880949
33.0127222222 -83.394288038 3.05357714081
32.9127222222 -80.254273023 -0.594196697231
41.0460555556 -77.0945508008 -1.10953744806
35.0377222222 -76.7004066567 -0.097252975284
38.6793888889 -81.8636949449 -0.428634957757
35.8293888889 -73.3567505005 1.78281003717
42.1377222222 -74.7099787287 0.527133317966
40.1210555556 -79.1178240741 -1.01271807976
42.4710555556 -79.1703766266 0.804937856995
39.6127222222 -73.4290102603 -0.497115042926
39.2793888889 -81.9425237738 -0.839612520772
42.4127222222 -84.1037474975 0.0969560016852
38.4793888889 -74.5063375876 -0.0461644703518
32.7877222222 -83.006712963 2.32518456013
36.7793888889 -81.6994682182 -0.762518640799
39.2710555556 -77.2981919419 -0.170106659985
41.0793888889 -76.3850913413 0.29600130046
33.1960555556 -73.691773023 -0.454495519812
36.3627222222 -73.1531093594 2.68472066863
36.3293888889 -76.0566378879 -0.438774335487
35.6043888889 -80.9440252753 0.0290415103118
35.7210555556 -82.4023586086 -0.38060629924
35.5127222222 -78.6448511011 0.19170160363
36.7877222222 -83.8278465966 2.2173901247
36.6793888889 -80.7797985485 -0.318071382157
39.9210555556 -73.2385072573 -0.123782043979
33.0960555556 -77.5478165666 0.627708327852
42.7460555556 -83.0198511011 -1.11751211683
42.0710555556 -78.1193255756 0.780338633455
35.1293888889 -80.2214276777 -1.51006974569
38.3043888889 -77.2193631131 -0.496396302611
33.3127222222 -75.2552114615 -0.374500767899
34.9293888889 -79.5645207708 0.0861297824242
39.7793888889 -75.1303991491 -0.948641876339
35.8043888889 -77.0354291792 0.130792077789
38.3877222222 -75.0384321822 -0.297454387498
41.5710555556 -79.8141453954 0.742651057894
42.9127222222 -73.3633195696 0.907500647294
38.2210555556 -76.2405718218 0.446279668907
41.0043888889 -79.6630568068 0.856289184171
36.7460555556 -80.9571634134 -0.0692805989753
34.0627222222 -76.1814502002 -0.073363238524
35.2043888889 -81.6009321822 -0.445465473369
33.6043888889 -75.4457144645 -1.30667569358
37.3710555556 -79.6761949449 -0.745440221834
41.4210555556 -75.5048360861 -1.14966192491
42.2210555556 -83.1118180681 0.646568719752
42.7460555556 -80.6484171672 0.0763700669281
42.4377222222 -77.9222535035 0.783993394767
41.1293888889 -74.6508571071 -0.510377308432
36.7793888889 -81.9425237738 0.281094248799
35.6043888889 -80.8783345846 -0.164855149303
34.5293888889 -80.6090027528 -1.3336678521
36.9960555556 -81.5549486987 -0.0456941337733
36.9210555556 -73.593236987 2.66895885927
36.8210555556 -80.9834396897 -0.744705807033
38.6793888889 -81.8308495996 -1.21093475377
37.1127222222 -81.3775838338 0.162480399186
36.3377222222 -77.2193631131 -0.122781997034
42.6793888889 -79.2623435936 0.86568703634
38.6293888889 -81.200218969 0.340407941933
41.7877222222 -79.8535598098 0.763778652156
36.9127222222 -73.2582144645 2.62326639502
32.9210555556 -84.3993556056 -1.25636554149
33.2877222222 -75.6165102603 -0.0755113524652
36.8627222222 -82.9672985485 2.32138813632
34.5293888889 -76.3325387888 0.201527200813
39.8043888889 -75.7741679179 -0.00161503567832
33.7960555556 -83.3220282783 1.24177352158
37.9960555556 -84.0643330831 2.52354420241
37.7293888889 -80.9571634134 -1.03718420541
42.2877222222 -75.215797047 -0.610310550913
41.7377222222 -79.1506694194 0.793176818281
36.5293888889 -78.4083646146 -0.172806410219
33.6460555556 -77.3376063564 -0.13232846989
36.3710555556 -73.7771709209 2.3660655397
41.6460555556 -83.4271333834 -0.732369209069
38.1960555556 -78.349242993 -0.863829318294
41.1877222222 -76.1683120621 -0.431022383981
32.6460555556 -83.9920733233 0.109355271655
37.2710555556 -79.9586649149 0.140916407428
34.8543888889 -73.5406844344 1.47510114194
42.4460555556 -74.3486799299 0.651355220487
33.6627222222 -74.447215966 -0.958939519822
40.5627222222 -78.6185748248 -0.883657897427
35.4960555556 -75.5311123624 -0.0050292609689
34.8293888889 -84.1168856356 -0.554615461008
41.3127222222 -77.1011198699 -0.0979669699629
33.2460555556 -73.974242993 -0.918672985147
35.2960555556 -74.3946634134 -0.049578949572
38.0960555556 -80.438206957 -1.99336796962
36.7043888889 -79.6105042543 0.0425496857626
41.4293888889 -76.352245996 -0.654294196707
36.0210555556 -79.8601288789 -1.25514546182
36.9377222222 -76.444212963 -0.0240140396655
40.9877222222 -84.5110297798 -0.370867520913
38.9127222222 -78.9338901401 -1.0367979799
34.7377222222 -74.1778841341 1.48852596625
37.0210555556 -83.1183871371 1.93247658664
36.1377222222 -84.1628691191 2.05790505428
41.9460555556 -80.2017204705 0.758690362195
39.1210555556 -83.2826138639 1.42802441697
34.9460555556 -73.3567505005 0.712297026192
38.5210555556 -79.5579517017 -1.64631827857
35.5960555556 -77.6200763263 -0.100907289857
38.5043888889 -83.9001063564 2.45063994296
33.3127222222 -80.7732294795 0.0127536181902
40.9460555556 -82.7899336837 0.284566682904
34.3460555556 -83.9066754254 -0.345337203623
40.1543888889 -79.0718405906 -0.964252443477
40.3210555556 -79.8207144645 -0.95403764655
39.3043888889 -75.8004441942 -0.141654006551
41.3210555556 -75.4457144645 -1.17455564998
39.8127222222 -79.5053991491 -1.74284960673
37.9127222222 -78.3820883383 -0.467686614035
38.2960555556 -78.2178616116 -1.044114361
40.2377222222 -82.7570883383 -1.20777814369
43.1793888889 -75.5311123624 0.423698951814
38.5293888889 -76.0106544044 0.0628204488104
33.1127222222 -80.4184997497 -0.701732358883
37.1127222222 -76.6018706206 -0.0471358520875
38.6710555556 -75.3800237738 0.0241341832639
34.4293888889 -83.7818631131 -0.202946895053
34.3960555556 -82.3760823323 -0.555239626724
34.2293888889 -75.780736987 -0.304334294323
37.3377222222 -75.9581018519 -0.210487933163
42.2877222222 -76.5953015516 -1.03406802298
33.8960555556 -76.7529592092 -0.0888602012841
42.5210555556 -74.8479291792 0.69126619914
38.4210555556 -73.2582144645 2.00390291979
39.8127222222 -82.0147835335 -1.47645401126
35.6627222222 -84.3139577077 -1.30027101257
39.3543888889 -80.2608420921 -1.88656479677
42.3543888889 -78.3361048549 0.874509085936
42.1127222222 -74.06620996 0.549457108732
36.5877222222 -83.5322384885 1.99293836187
35.1127222222 -83.013282032 -0.198048281144
36.9543888889 -78.5660222723 -0.201638819701
35.5293888889 -76.3653841341 0.347835879573
35.9960555556 -76.260279029 0.230526489645
41.6793888889 -75.682200951 -0.72992263365
40.0877222222 -84.1628691191 0.341324179156
40.2710555556 -80.2739802302 0.789050480834
33.4377222222 -78.5988676176 -0.0452712438563
42.5293888889 -83.7555868368 1.35858370813
38.9627222222 -83.8738300801 2.28068838374
34.8793888889 -79.4725538038 0.0338771224255
39.3293888889 -81.9359547047 -0.736870727337
39.8127222222 -76.9763075576 -1.00657226106
38.2127222222 -83.6044982482 1.0114706794
42.6460555556 -80.8060748248 -0.212833534102
33.1877222222 -77.5412474975 1.01829899176
38.0793888889 -73.4749937437 1.66828861896
42.2293888889 -81.7848661161 0.842061391256
37.8043888889 -76.1486048549 -0.205964771881
37.5960555556 -83.965797047 1.98189031222
41.4460555556 -84.5175988488 -0.0145268358265
41.8627222222 -83.4468405906 -0.622062431192
39.2793888889 -82.6454141642 1.34792471554
34.4127222222 -81.1410973473 -0.896012304634
37.0127222222 -81.8571258759 -1.45886342168
37.4960555556 -84.2548360861 2.08996185662
41.5877222222 -75.3209021522 -0.979711958182
36.5877222222 -75.9121183684 0.303527461862
33.6543888889 -77.0879817317 0.213420493296
38.5710555556 -74.7099787287 -0.142313760318
40.1377222222 -73.6523586086 0.618716363106
36.5793888889 -83.9132444945 0.842693913893
37.4793888889 -77.7843030531 0.254556283801
41.7627222222 -82.6585523023 0.324287124
38.5127222222 -75.7873060561 -0.382203646146
42.5043888889 -75.0975538038 -0.228015957016
40.8377222222 -74.1516078579 1.06477583906
38.6210555556 -76.260279029 -0.431994917688
33.9543888889 -76.542748999 -0.0423511413632
37.0377222222 -82.53373999 -0.0262053045064
40.2793888889 -81.9293856356 0.380460433723
42.3793888889 -75.9515327828 -0.640753492336
39.1293888889 -79.7813000501 -1.77745871055
37.5293888889 -79.9783721221 -1.76139633548
35.6293888889 -79.203221972 -0.369292736848
39.6127222222 -83.9198135636 0.590347220149
37.2127222222 -80.5236048549 -2.20970193134
34.5627222222 -84.3993556056 -0.76025560633
37.0627222222 -81.7388826326 0.123947200297
33.9710555556 -73.402733984 -0.389229104729
42.3960555556 -81.2199261762 0.301730718439
36.7877222222 -81.7126063564 -0.374733479546
41.2293888889 -79.7484547047 0.726283709815
40.2960555556 -83.2497685185 2.98792015105
38.2293888889 -84.4256318819 2.44114398568
35.8877222222 -82.6454141642 -0.833553355673
34.5960555556 -74.4406468969 1.27704091474
33.9377222222 -80.7732294795 -0.63385548189
38.3627222222 -83.1709396897 1.49659187655
39.5793888889 -78.7959396897 -0.818827345826
35.3627222222 -83.5913601101 0.382528325143
37.9960555556 -74.4143706206 -0.678505226831
37.0627222222 -80.6812625125 -0.131891718674
36.5460555556 -84.5635823323 -0.584334871343
41.5293888889 -83.1578015516 1.72523710477
34.1210555556 -74.1450387888 1.92544840165
39.2460555556 -77.7843030531 0.98741107283
34.5710555556 -81.7980042543 -0.704224528809
34.1877222222 -75.9121183684 -0.0592957896076
32.6043888889 -80.2148586086 -0.713221996752
42.5210555556 -82.6059997497 -0.701307134817
39.4627222222 -81.962230981 -0.0670149438213
41.5460555556 -74.637718969 -0.501847989345
35.7960555556 -81.0688375876 -0.141958916861
32.8877222222 -76.4770583083 0.195961561656
40.3210555556 -78.9995808308 -0.921034232446
36.3793888889 -73.4290102603 2.61668320576
37.0627222222 -82.4614802302 -0.325256707091
40.5793888889 -75.2026589089 -0.783947477464
41.3960555556 -76.4573511011 0.366983135695
37.9543888889 -82.7439502002 0.0301958694433
35.9960555556 -80.1294607107 -1.25159808965
40.0043888889 -73.7640327828 -0.515182480496
33.3710555556 -81.778297047 0.777303108819
33.3543888889 -80.6878315816 -0.689999682605
37.0460555556 -83.2497685185 0.543032145451
33.2043888889 -76.3916604104 -0.595837548008
42.6793888889 -78.2966904404 1.23948021612
35.0877222222 -78.2835523023 -0.089311188189
40.8460555556 -80.8520583083 0.806144288784
39.9793888889 -81.390721972 -1.43923479545
34.1960555556 -76.0303616116 -0.186430378532
36.2293888889 -83.4074261762 -0.297351489866
41.5293888889 -78.8944757257 0.746746130186
40.5127222222 -76.7004066567 -1.01599865061
33.6043888889 -81.778297047 -0.986899260897
36.2543888889 -73.3830267768 2.29919410707
40.8210555556 -78.2047234735 -0.871560042266
40.8960555556 -84.3665102603 1.43666569019
39.4960555556 -74.5983045546 -0.781564175495
38.9043888889 -84.2351288789 2.71004063375
35.7710555556 -83.7358796296 -0.351669437115
42.4460555556 -75.0515703203 -0.240894406756
34.7710555556 -82.7308120621 -0.366661835087
40.4043888889 -83.1578015516 1.21055609917
35.1127222222 -81.778297047 0.23799885344
33.9960555556 -80.8060748248 -0.242470758791
40.7460555556 -82.0410598098 -0.791065240803
33.9960555556 -83.584791041 -0.359251944639
35.6877222222 -83.0264201702 -0.394057816924
37.6293888889 -73.6457895395 2.23896327211
32.6627222222 -82.0673360861 -0.738324698002
37.5627222222 -79.9849411912 -1.85874823179
43.0710555556 -78.7039727227 0.817879784535
36.8460555556 -79.0587024525 -0.0124624613607
33.9460555556 -83.2563375876 -0.72424185441
42.6793888889 -78.6711273774 0.665682667711
34.6627222222 -77.3376063564 0.0632017044669
42.4377222222 -79.9783721221 0.619009439626
35.0627222222 -75.5639577077 0.0323868646767
41.3127222222 -83.3680117618 0.454832300713
36.2543888889 -75.4522835335 -0.34938386701
37.3793888889 -80.247703954 -1.8153236714
41.9127222222 -83.4534096597 -0.799802425233
42.4877222222 -76.8712024525 -0.639605366381
39.4043888889 -80.3331018519 -1.90207237685
39.7710555556 -81.5549486987 -1.58868667041
38.1793888889 -83.768724975 2.67061574481
37.6293888889 -81.2396333834 -0.596783695138
37.8460555556 -81.0622685185 -0.822475929865
41.4627222222 -80.7403841341 0.77545613451
39.8960555556 -81.4301363864 -1.62616482634
36.9043888889 -78.0273586086 -0.225809787973
35.2210555556 -84.5241679179 -1.16325465307
36.7960555556 -80.7338150651 -1.18646098501
34.1877222222 -78.2704141642 -0.113328910625
36.6293888889 -80.8520583083 -0.118930160905
35.0460555556 -82.4220658158 -1.02158022785
34.3793888889 -76.1945883383 0.11767817002
41.8710555556 -81.771727978 0.309676832785
34.1293888889 -83.5519456957 0.195494907633
33.8460555556 -77.4558495996 -0.26161453802
35.6627222222 -82.3169607107 -0.650795196156
40.5960555556 -82.0870432933 0.0942868697359
40.7960555556 -82.8687625125 0.53107844633
39.6127222222 -83.6439126627 2.50025164083
41.0960555556 -78.4609171672 0.0086855034095
39.5377222222 -82.1987174675 -0.611606784381
35.6043888889 -83.1709396897 2.32135761657
41.4960555556 -77.2456393894 -1.25353363245
37.0627222222 -83.8803991491 2.19088778524
36.1793888889 -75.1895207708 -0.196875130143
36.9877222222 -76.923755005 0.0810871768425
35.9877222222 -77.0814126627 -0.0135210938237
42.6877222222 -73.9413976476 0.661760513363
38.7543888889 -83.2497685185 2.1113302544
37.5543888889 -74.9924486987 -0.307769814354
39.9877222222 -82.9410222723 -0.0308820403613
37.7127222222 -83.486255005 0.497673799703
40.2877222222 -76.4573511011 -0.68497932572
40.4377222222 -75.9515327828 -0.632578023102
39.3127222222 -80.635279029 -1.73738794407
33.1293888889 -75.8398586086 -0.834305323853
41.5377222222 -79.7484547047 0.744848965335
41.4543888889 -75.8529967467 -0.880976142621
36.9127222222 -74.2041604104 0.901508720742
33.1210555556 -83.3088901401 3.30530094578
33.7043888889 -78.6251438939 0.405217194981
41.5543888889 -78.7105417918 0.788784399347
35.1043888889 -77.5281093594 -0.396855526697
37.6293888889 -83.3614426927 0.442175454196
42.4377222222 -76.1748811311 -1.34525001791
42.8543888889 -77.2653465966 -0.352683321339
40.2127222222 -75.7478916416 -0.551896675763
42.6960555556 -84.3993556056 0.461028539977
34.8877222222 -74.1778841341 0.577299006998
36.8043888889 -81.6140703203 0.00695961279453
41.8710555556 -83.6373435936 -0.32806732006
38.4043888889 -80.3199637137 -1.65438094711
38.8460555556 -78.8747685185 -0.785604846244
41.3710555556 -82.0279216717 -0.517275113593
42.6960555556 -73.7771709209 0.731518097192
40.7543888889 -79.0652715215 -0.962332306548
37.8043888889 -80.9703015516 -1.01116726726
42.2543888889 -78.5331769269 0.867336610649
41.1877222222 -79.2163601101 0.742602397754
42.8627222222 -73.4158721221 1.00776630787
35.6627222222 -80.0966153654 -0.0553759694573
34.0293888889 -74.8873435936 0.0719325739752
42.1543888889 -78.2638450951 0.869999098701
34.6960555556 -80.9505943443 -1.33001190305
38.0710555556 -76.2208646146 -0.741062457478
34.9043888889 -80.6484171672 -1.277110888
39.5043888889 -73.3239051552 0.118850443853
38.8793888889 -74.3683871371 -0.52800862375
35.0543888889 -79.2820508008 -0.281612057637
32.5377222222 -82.0936123624 -0.691859176339
38.0460555556 -78.8419231732 -0.421640986561
38.8877222222 -77.5478165666 -0.534220396474
35.5627222222 -78.4215027528 -0.137455078659
36.7543888889 -79.6696258759 0.119430659568
33.4043888889 -79.1046859359 -0.373557280486
33.3210555556 -74.0136574074 0.495048024655
42.7793888889 -77.6791979479 -0.46843635685
41.7377222222 -81.778297047 0.216314611656
39.8793888889 -78.6514201702 -1.0301430439
37.9960555556 -80.7797985485 -2.11762885876
40.8293888889 -81.6140703203 -0.3475486284
35.4627222222 -76.5821634134 0.20606606153
37.8627222222 -73.875706957 1.26827335099
42.8043888889 -81.4564126627 -1.33135775085
37.9793888889 -77.7908721221 -0.00577216800948
40.4460555556 -73.1465402903 0.910986465873
39.7960555556 -83.197215966 3.00502224245
38.3543888889 -73.3698886386 2.41630157452
34.7877222222 -77.7120432933 -0.00397925117751
42.7877222222 -74.3092655155 0.500324027552
42.6710555556 -79.2229291792 0.829810953936
38.5460555556 -77.5609547047 -0.930195807948
36.9293888889 -80.5827264765 -0.498211053131
34.1210555556 -73.6523586086 0.5998760192
33.3960555556 -80.917748999 0.0637504462682
36.9793888889 -76.0960523023 -0.670961055096
37.4543888889 -75.2223661161 -0.554507923736
32.8877222222 -74.7428240741 -0.241711498733
35.1127222222 -74.5391829329 -0.138808377484
38.6543888889 -78.2901213714 -0.997623141282
42.1793888889 -77.6660598098 0.863331446881
36.9293888889 -73.3698886386 2.75215866984
41.0960555556 -81.390721972 0.149943670694
35.4127222222 -82.435203954 -0.296541150937
37.7460555556 -83.0724036537 1.59211149102
34.4793888889 -80.6746934434 -0.796485536439
41.7543888889 -81.397291041 -0.065609977478
40.3710555556 -76.1880192693 -0.526485311326
35.9043888889 -80.7403841341 -0.822856042107
37.5210555556 -78.8747685185 -1.23404268094
42.9377222222 -76.2142955455 -0.796889617019
37.9460555556 -81.5418105606 0.277106857695
37.1210555556 -82.8556243744 1.88020187094
41.3377222222 -76.7792354855 0.374136121042
36.5377222222 -73.50127002 2.69141787342
37.9210555556 -73.8100162663 1.44683133857
38.1960555556 -73.1793856356 2.20011336587
32.6960555556 -80.2805492993 -0.847930486142
32.8627222222 -81.3250312813 0.487480001894
35.5710555556 -82.1001814314 -0.315578935081
42.4793888889 -81.581224975 -0.331279406559
37.1460555556 -76.444212963 -0.126680346305
36.4127222222 -77.206224975 0.718866622796
36.2793888889 -76.3588150651 0.408503259762
38.3460555556 -81.298755005 -0.286416661501
39.8877222222 -79.393724975 -1.29519840369
37.8960555556 -81.3053240741 -0.373435335986
41.7710555556 -80.8783345846 0.58390418448
33.3293888889 -79.6236423924 -0.0815585441488
36.3960555556 -75.7675988488 0.512076225547
41.7043888889 -83.2826138639 -1.37571546031
36.1377222222 -82.8490553053 0.530184111437
35.0960555556 -74.0070883383 1.39462518703
40.0377222222 -84.1760072573 0.305469690838
34.5627222222 -76.5033345846 0.283494300157
40.2793888889 -80.6746934434 0.770614213474
33.6460555556 -76.4770583083 0.036335864155
34.2710555556 -81.8177114615 -0.620375982356
36.9377222222 -79.4659847347 0.19070025588
40.6960555556 -83.394288038 3.38904799003
36.5043888889 -77.0617054555 -0.120167078538
37.4293888889 -74.9136198699 -0.442858517989
35.0127222222 -74.9398961461 1.57439968801
35.6627222222 -76.5230417918 0.501814471365
43.0127222222 -83.013282032 -1.23344344137
33.2377222222 -80.7206769269 -0.62903337574
39.2127222222 -74.1056243744 -0.931795334315
34.6127222222 -73.3173360861 1.36369873797
40.4210555556 -75.3340402903 -1.02003609417
32.9460555556 -73.9216904404 -0.659680186633
39.1960555556 -78.44120996 -0.963397629977
33.0793888889 -84.2679742242 0.775069460766
41.7293888889 -76.2668480981 -1.14508502372
33.2793888889 -77.114258008 -0.0063143450681
35.0627222222 -73.3436123624 1.13107871398
34.3210555556 -82.6979667167 -0.586706585355
38.8043888889 -80.3331018519 -1.55773328081
33.8960555556 -76.5493180681 -0.229597416364
32.7293888889 -73.7114802302 -0.884717286397
39.9877222222 -80.0440628128 -0.192868897091
38.3877222222 -75.1763826326 -0.291905365124
41.6293888889 -81.5023961461 0.350300543924
42.7960555556 -81.2593405906 -1.24521774645
34.6877222222 -79.3740177678 0.0675616904979
38.2293888889 -79.7287474975 -1.81779982255
40.6627222222 -82.1987174675 0.109388466985
36.3793888889 -76.2077264765 0.139857795294
36.5043888889 -77.968236987 0.261208450318
36.9710555556 -78.0536348849 -0.0489715154457
35.2377222222 -74.3946634134 -0.133567689352
40.0293888889 -77.5543856356 -0.793680993887
35.8377222222 -79.301758008 0.675994909661
35.6377222222 -79.2820508008 -0.398446435899
40.0543888889 -75.7347535035 0.191887655419
38.9627222222 -82.3957895395 2.36874745432
37.6960555556 -81.0951138639 -0.0450390942036
41.2960555556 -75.0318631131 -0.801880133388
33.3960555556 -79.3740177678 -0.430158114775
41.0960555556 -83.676758008 0.772484588668
35.3960555556 -75.9975162663 -0.114448162741
38.1293888889 -77.8828390891 0.0226876024257
34.3460555556 -78.060203954 -0.0918959074235
39.1043888889 -81.397291041 -0.802798691063
32.9877222222 -81.1410973473 0.392758767044
41.1543888889 -76.4770583083 -1.14638618746
37.6877222222 -73.974242993 2.00995788884
35.7627222222 -76.7463901401 0.527124585072
41.3293888889 -81.3447384885 -0.826566962186
35.9627222222 -78.5988676176 0.254174218252
38.0293888889 -78.5660222723 -0.587388914002
40.6293888889 -78.4149336837 -0.799082921053
42.4793888889 -78.730248999 0.838824552853
33.9960555556 -75.1106919419 -0.173423031511
40.8043888889 -78.7630943443 1.07401315505
41.1127222222 -77.1536724224 0.173441723831
38.4043888889 -82.0936123624 -0.256409393626
34.1043888889 -74.5129066567 1.48887399886
33.6627222222 -80.7469532032 -0.601654087768
42.8127222222 -77.4230042543 -0.765679410314
39.1043888889 -73.8231544044 -0.783229145679
